-0.0154739787
-0.0309479575
-0.0464181181
-0.0618806435
-0.0773317184
-0.0927675304
-0.1081842706
-0.1235781350
-0.1389453251
-0.1542820490
-0.1695845220
-0.1848489680
-0.2000716201
-0.2152487218
-0.2303765273
-0.2454513032
-0.2604693290
-0.2754268981
-0.2903203184
-0.3051459137
-0.3199000243
-0.3345790081
-0.3491792411
-0.3636971187
-0.3781290564
-0.3924714908
-0.4067208801
-0.4208737055
-0.4349264717
-0.4488757076
-0.4627179677
-0.4764498326
-0.4900679099
-0.5035688347
-0.5169492710
-0.5302059122
-0.5433354820
-0.5563347348
-0.5692004572
-0.5819294683
-0.5945186206
-0.6069648006
-0.6192649300
-0.6314159660
-0.6434149024
-0.6552587699
-0.6669446373
-0.6784696119
-0.6898308404
-0.7010255092
-0.7120508457
-0.7229041186
-0.7335826387
-0.7440837592
-0.7544048769
-0.7645434325
-0.7744969114
-0.7842628440
-0.7938388067
-0.8032224223
-0.8124113603
-0.8214033381
-0.8301961211
-0.8387875235
-0.8471754083
-0.8553576886
-0.8633323276
-0.8710973393
-0.8786507886
-0.8859907924
-0.8931155197
-0.9000231921
-0.9067120840
-0.9131805235
-0.9194268924
-0.9254496269
-0.9312472176
-0.9368182103
-0.9421612061
-0.9472748619
-0.9521578903
-0.9568090606
-0.9612271986
-0.9654111871
-0.9693599658
-0.9730725322
-0.9765479415
-0.9797853065
-0.9827837984
-0.9855426468
-0.9880611398
-0.9903386240
-0.9923745051
-0.9941682478
-0.9957193760
-0.9970274726
-0.9980921802
-0.9989132007
-0.9994902956
-0.9998232858
-0.9999120520
-0.9997565346
-0.9993567337
-0.9987127087
-0.9978245791
-0.9966925238
-0.9953167815
-0.9936976501
-0.9918354872
-0.9897307097
-0.9873837939
-0.9847952749
-0.9819657472
-0.9788958640
-0.9755863374
-0.9720379376
-0.9682514936
-0.9642278925
-0.9599680790
-0.9554730558
-0.9507438830
-0.9457816780
-0.9405876148
-0.9351629243
-0.9295088937
-0.9236268663
-0.9175182408
-0.9111844716
-0.9046270679
-0.8978475937
-0.8908476670
-0.8836289599
-0.8761931978
-0.8685421593
-0.8606776752
-0.8526016288
-0.8443159550
-0.8358226400
-0.8271237204
-0.8182212833
-0.8091174655
-0.7998144530
-0.7903144802
-0.7806198299
-0.7707328325
-0.7606558651
-0.7503913515
-0.7399417611
-0.7293096087
-0.7184974534
-0.7075078986
-0.6963435909
-0.6850072197
-0.6735015161
-0.6618292529
-0.6499932435
-0.6379963414
-0.6258414391
-0.6135314680
-0.6010693972
-0.5884582331
-0.5757010183
-0.5628008313
-0.5497607854
-0.5365840283
-0.5232737407
-0.5098331362
-0.4962654602
-0.4825739892
-0.4687620296
-0.4548329176
-0.4407900179
-0.4266367231
-0.4123764524
-0.3980126515
-0.3835487914
-0.3689883673
-0.3543348982
-0.3395919257
-0.3247630134
-0.3098517456
-0.2948617271
-0.2797965817
-0.2646599517
-0.2494554966
-0.2341868928
-0.2188578322
-0.2034720216
-0.1880331813
-0.1725450449
-0.1570113580
-0.1414358773
-0.1258223695
-0.1101746109
-0.0944963860
-0.0787914869
-0.0630637119
-0.0473168652
-0.0315547555
-0.0157811954
