-0.0103677409
-0.0207354817
-0.0311020856
-0.0414664157
-0.0518273353
-0.0621837084
-0.0725343991
-0.0828782725
-0.0932141942
-0.1035410306
-0.1138576494
-0.1241629191
-0.1344557095
-0.1447348920
-0.1549993391
-0.1652479253
-0.1754795265
-0.1856930205
-0.1958872873
-0.2060612088
-0.2162136690
-0.2263435546
-0.2364497544
-0.2465311601
-0.2565866659
-0.2666151687
-0.2766155687
-0.2865867689
-0.2965276754
-0.3064371980
-0.3163142494
-0.3261577463
-0.3359666088
-0.3457397607
-0.3554761300
-0.3651746485
-0.3748342520
-0.3844538809
-0.3940324795
-0.4035689971
-0.4130623872
-0.4225116079
-0.4319156226
-0.4412733992
-0.4505839106
-0.4598461353
-0.4690590566
-0.4782216633
-0.4873329499
-0.4963919161
-0.5053975678
-0.5143489163
-0.5232449788
-0.5320847789
-0.5408673460
-0.5495917157
-0.5582569303
-0.5668620381
-0.5754060943
-0.5838881605
-0.5923073051
-0.6006626036
-0.6089531382
-0.6171779981
-0.6253362800
-0.6334270874
-0.6414495316
-0.6494027310
-0.6572858116
-0.6650979073
-0.6728381595
-0.6805057173
-0.6880997381
-0.6956193869
-0.7030638372
-0.7104322704
-0.7177238762
-0.7249378529
-0.7320734070
-0.7391297536
-0.7461061167
-0.7530017285
-0.7598158305
-0.7665476728
-0.7731965144
-0.7797616237
-0.7862422778
-0.7926377631
-0.7989473756
-0.8051704203
-0.8113062116
-0.8173540738
-0.8233133403
-0.8291833546
-0.8349634696
-0.8406530480
-0.8462514627
-0.8517580961
-0.8571723407
-0.8624935994
-0.8677212848
-0.8728548200
-0.8778936382
-0.8828371828
-0.8876849079
-0.8924362778
-0.8970907673
-0.9016478620
-0.9061070577
-0.9104678613
-0.9147297901
-0.9188923722
-0.9229551468
-0.9269176636
-0.9307794833
-0.9345401779
-0.9381993300
-0.9417565336
-0.9452113936
-0.9485635260
-0.9518125582
-0.9549581287
-0.9579998871
-0.9609374947
-0.9637706238
-0.9664989584
-0.9691221936
-0.9716400360
-0.9740522040
-0.9763584272
-0.9785584467
-0.9806520155
-0.9826388979
-0.9845188698
-0.9862917190
-0.9879572447
-0.9895152581
-0.9909655818
-0.9923080501
-0.9935425095
-0.9946688178
-0.9956868447
-0.9965964719
-0.9973975926
-0.9980901122
-0.9986739476
-0.9991490275
-0.9995152928
-0.9997726959
-0.9999212012
-0.9999607851
-0.9998914356
-0.9997131529
-0.9994259487
-0.9990298467
-0.9985248826
-0.9979111038
-0.9971885695
-0.9963573511
-0.9954175314
-0.9943692054
-0.9932124796
-0.9919474724
-0.9905743142
-0.9890931470
-0.9875041244
-0.9858074122
-0.9840031875
-0.9820916395
-0.9800729687
-0.9779473874
-0.9757151198
-0.9733764014
-0.9709314793
-0.9683806125
-0.9657240712
-0.9629621371
-0.9600951037
-0.9571232756
-0.9540469692
-0.9508665119
-0.9475822425
-0.9441945115
-0.9407036802
-0.9371101213
-0.9334142189
-0.9296163678
-0.9257169744
-0.9217164558
-0.9176152401
-0.9134137667
-0.9091124857
-0.9047118580
-0.9002123556
-0.8956144609
-0.8909186674
-0.8861254790
-0.8812354102
-0.8762489863
-0.8711667428
-0.8659892257
-0.8607169917
-0.8553506073
-0.8498906498
-0.8443377063
-0.8386923740
-0.8329552605
-0.8271269832
-0.8212081693
-0.8151994562
-0.8091014907
-0.8029149297
-0.7966404395
-0.7902786959
-0.7838303846
-0.7772962004
-0.7706768474
-0.7639730393
-0.7571854988
-0.7503149576
-0.7433621568
-0.7363278460
-0.7292127841
-0.7220177386
-0.7147434856
-0.7073908101
-0.6999605054
-0.6924533733
-0.6848702242
-0.6772118764
-0.6694791568
-0.6616729001
-0.6537939490
-0.6458431545
-0.6378213750
-0.6297294767
-0.6215683337
-0.6133388273
-0.6050418466
-0.5966782878
-0.5882490543
-0.5797550570
-0.5711972135
-0.5625764484
-0.5538936934
-0.5451498866
-0.5363459732
-0.5274829046
-0.5185616386
-0.5095831397
-0.5005483783
-0.4914583309
-0.4823139804
-0.4731163152
-0.4638663298
-0.4545650242
-0.4452134040
-0.4358124805
-0.4263632702
-0.4168667947
-0.4073240812
-0.3977361616
-0.3881040726
-0.3784288562
-0.3687115586
-0.3589532309
-0.3491549285
-0.3393177111
-0.3294426430
-0.3195307922
-0.3095832308
-0.2996010351
-0.2895852847
-0.2795370633
-0.2694574579
-0.2593475588
-0.2492084600
-0.2390412583
-0.2288470536
-0.2186269491
-0.2083820503
-0.1981134659
-0.1878223068
-0.1775096864
-0.1671767208
-0.1568245279
-0.1464542278
-0.1360669428
-0.1256637967
-0.1152459154
-0.1048144261
-0.0943704575
-0.0839151399
-0.0734496046
-0.0629749840
-0.0524924118
-0.0420030221
-0.0315079502
-0.0210083317
-0.0105053027
