-0.0069349185
-0.0138698370
-0.0208044175
-0.0277383220
-0.0346712126
-0.0416027514
-0.0485326005
-0.0554604222
-0.0623858788
-0.0693086327
-0.0762283467
-0.0831446834
-0.0900573057
-0.0969658767
-0.1038700597
-0.1107695182
-0.1176639159
-0.1245529167
-0.1314361849
-0.1383133850
-0.1451841818
-0.1520482404
-0.1589052262
-0.1657548050
-0.1725966430
-0.1794304067
-0.1862557630
-0.1930723791
-0.1998799229
-0.2066780625
-0.2134664666
-0.2202448043
-0.2270127452
-0.2337699594
-0.2405161175
-0.2472508906
-0.2539739505
-0.2606849694
-0.2673836202
-0.2740695764
-0.2807425120
-0.2874021018
-0.2940480211
-0.3006799459
-0.3072975529
-0.3139005194
-0.3204885238
-0.3270612448
-0.3336183620
-0.3401595557
-0.3466845070
-0.3531928978
-0.3596844108
-0.3661587295
-0.3726155383
-0.3790545224
-0.3854753678
-0.3918777615
-0.3982613913
-0.4046259459
-0.4109711150
-0.4172965892
-0.4236020601
-0.4298872202
-0.4361517632
-0.4423953835
-0.4486177767
-0.4548186393
-0.4609976689
-0.4671545642
-0.4732890250
-0.4794007521
-0.4854894475
-0.4915548142
-0.4975965564
-0.5036143795
-0.5096079900
-0.5155770955
-0.5215214049
-0.5274406283
-0.5333344769
-0.5392026632
-0.5450449011
-0.5508609055
-0.5566503927
-0.5624130803
-0.5681486872
-0.5738569336
-0.5795375410
-0.5851902323
-0.5908147317
-0.5964107648
-0.6019780585
-0.6075163412
-0.6130253427
-0.6185047942
-0.6239544283
-0.6293739791
-0.6347631821
-0.6401217742
-0.6454494941
-0.6507460817
-0.6560112785
-0.6612448275
-0.6664464732
-0.6716159617
-0.6767530407
-0.6818574594
-0.6869289687
-0.6919673210
-0.6969722703
-0.7019435723
-0.7068809842
-0.7117842650
-0.7166531752
-0.7214874771
-0.7262869346
-0.7310513132
-0.7357803805
-0.7404739054
-0.7451316586
-0.7497534126
-0.7543389417
-0.7588880219
-0.7634004309
-0.7678759483
-0.7723143554
-0.7767154354
-0.7810789732
-0.7854047556
-0.7896925712
-0.7939422104
-0.7981534655
-0.8023261307
-0.8064600020
-0.8105548772
-0.8146105563
-0.8186268410
-0.8226035349
-0.8265404435
-0.8304373743
-0.8342941367
-0.8381105421
-0.8418864038
-0.8456215371
-0.8493157592
-0.8529688894
-0.8565807489
-0.8601511610
-0.8636799509
-0.8671669459
-0.8706119753
-0.8740148704
-0.8773754645
-0.8806935932
-0.8839690939
-0.8872018062
-0.8903915718
-0.8935382344
-0.8966416398
-0.8997016359
-0.9027180727
-0.9056908024
-0.9086196792
-0.9115045595
-0.9143453018
-0.9171417668
-0.9198938173
-0.9226013183
-0.9252641369
-0.9278821424
-0.9304552061
-0.9329832019
-0.9354660055
-0.9379034950
-0.9402955506
-0.9426420547
-0.9449428920
-0.9471979493
-0.9494071157
-0.9515702825
-0.9536873432
-0.9557581936
-0.9577827317
-0.9597608578
-0.9616924744
-0.9635774863
-0.9654158005
-0.9672073263
-0.9689519752
-0.9706496613
-0.9723003006
-0.9739038115
-0.9754601147
-0.9769691332
-0.9784307922
-0.9798450193
-0.9812117444
-0.9825308997
-0.9838024197
-0.9850262412
-0.9862023033
-0.9873305474
-0.9884109173
-0.9894433591
-0.9904278212
-0.9913642543
-0.9922526114
-0.9930928481
-0.9938849220
-0.9946287932
-0.9953244241
-0.9959717794
-0.9965708262
-0.9971215339
-0.9976238743
-0.9980778215
-0.9984833520
-0.9988404446
-0.9991490805
-0.9994092432
-0.9996209186
-0.9997840949
-0.9998987627
-0.9999649150
-0.9999825470
-0.9999516565
-0.9998722434
-0.9997443101
-0.9995678613
-0.9993429040
-0.9990694476
-0.9987475039
-0.9983770870
-0.9979582134
-0.9974909019
-0.9969751737
-0.9964110523
-0.9957985636
-0.9951377358
-0.9944285995
-0.9936711876
-0.9928655354
-0.9920116804
-0.9911096627
-0.9901595245
-0.9891613104
-0.9881150673
-0.9870208445
-0.9858786936
-0.9846886685
-0.9834508254
-0.9821652229
-0.9808319219
-0.9794509856
-0.9780224795
-0.9765464714
-0.9750230314
-0.9734522319
-0.9718341477
-0.9701688558
-0.9684564354
-0.9666969683
-0.9648905383
-0.9630372315
-0.9611371363
-0.9591903434
-0.9571969458
-0.9551570387
-0.9530707196
-0.9509380882
-0.9487592465
-0.9465342987
-0.9442633513
-0.9419465130
-0.9395838947
-0.9371756096
-0.9347217730
-0.9322225025
-0.9296779178
-0.9270881410
-0.9244532962
-0.9217735097
-0.9190489101
-0.9162796281
-0.9134657966
-0.9106075506
-0.9077050273
-0.9047583660
-0.9017677082
-0.8987331975
-0.8956549797
-0.8925332026
-0.8893680162
-0.8861595726
-0.8829080260
-0.8796135327
-0.8762762509
-0.8728963412
-0.8694739660
-0.8660092899
-0.8625024795
-0.8589537035
-0.8553631326
-0.8517309395
-0.8480572990
-0.8443423878
-0.8405863847
-0.8367894704
-0.8329518277
-0.8290736413
-0.8251550979
-0.8211963861
-0.8171976965
-0.8131592216
-0.8090811558
-0.8049636957
-0.8008070394
-0.7966113871
-0.7923769409
-0.7881039048
-0.7837924846
-0.7794428880
-0.7750553246
-0.7706300058
-0.7661671448
-0.7616669567
-0.7571296583
-0.7525554683
-0.7479446071
-0.7432972970
-0.7386137620
-0.7338942278
-0.7291389218
-0.7243480735
-0.7195219138
-0.7146606753
-0.7097645924
-0.7048339012
-0.6998688394
-0.6948696465
-0.6898365635
-0.6847698332
-0.6796696999
-0.6745364096
-0.6693702099
-0.6641713499
-0.6589400804
-0.6536766537
-0.6483813237
-0.6430543459
-0.6376959772
-0.6323064763
-0.6268861031
-0.6214351191
-0.6159537873
-0.6104423722
-0.6049011397
-0.5993303572
-0.5937302935
-0.5881012188
-0.5824434047
-0.5767571243
-0.5710426520
-0.5653002636
-0.5595302362
-0.5537328483
-0.5479083797
-0.5420571115
-0.5361793260
-0.5302753071
-0.5243453397
-0.5183897101
-0.5124087057
-0.5064026153
-0.5003717288
-0.4943163373
-0.4882367332
-0.4821332100
-0.4760060623
-0.4698555859
-0.4636820778
-0.4574858360
-0.4512671597
-0.4450263491
-0.4387637055
-0.4324795313
-0.4261741299
-0.4198478059
-0.4135008647
-0.4071336128
-0.4007463576
-0.3943394075
-0.3879130719
-0.3814676611
-0.3750034864
-0.3685208600
-0.3620200949
-0.3555015051
-0.3489654054
-0.3424121114
-0.3358419396
-0.3292552073
-0.3226522326
-0.3160333344
-0.3093988323
-0.3027490469
-0.2960842993
-0.2894049113
-0.2827112055
-0.2760035052
-0.2692821344
-0.2625474178
-0.2557996806
-0.2490392488
-0.2422664489
-0.2354816080
-0.2286850539
-0.2218771148
-0.2150581196
-0.2082283977
-0.2013882790
-0.1945380939
-0.1876781732
-0.1808088484
-0.1739304512
-0.1670433139
-0.1601477692
-0.1532441502
-0.1463327904
-0.1394140236
-0.1324881840
-0.1255556062
-0.1186166251
-0.1116715759
-0.1047207941
-0.0977646154
-0.0908033759
-0.0838374119
-0.0768670599
-0.0698926566
-0.0629145388
-0.0559330438
-0.0489485088
-0.0419612712
-0.0349716685
-0.0279800384
-0.0209867186
-0.0139920470
-0.0069963615
