-0.0304864814
-0.0609729628
-0.0914293547
-0.1218255965
-0.1521316862
-0.1823177087
-0.2123538651
-0.2422105016
-0.2718581380
-0.3012674963
-0.3304095290
-0.3592554471
-0.3877767484
-0.4159452445
-0.4437330883
-0.4711128010
-0.4980572987
-0.5245399185
-0.5505344444
-0.5760151324
-0.6009567359
-0.6253345296
-0.6491243338
-0.6723025375
-0.6948461215
-0.7167326805
-0.7379404448
-0.7584483013
-0.7782358144
-0.7972832450
-0.8155715701
-0.8330825011
-0.8497985015
-0.8657028038
-0.8807794257
-0.8950131859
-0.9083897182
-0.9208954859
-0.9325177946
-0.9432448046
-0.9530655424
-0.9619699113
-0.9699487009
-0.9769935966
-0.9830971870
-0.9882529714
-0.9924553661
-0.9956997097
-0.9979822677
-0.9993002361
-0.9996517439
-0.9990358554
-0.9974525705
-0.9949028251
-0.9913884901
-0.9869123695
-0.9814781978
-0.9750906364
-0.9677552689
-0.9594785962
-0.9502680295
-0.9401318836
-0.9290793688
-0.9171205818
-0.9042664961
-0.8905289514
-0.8759206420
-0.8604551048
-0.8441467058
-0.8270106265
-0.8090628491
-0.7903201411
-0.7708000390
-0.7505208313
-0.7295015412
-0.7077619076
-0.6853223663
-0.6622040303
-0.6384286693
-0.6140186886
-0.5889971074
-0.5633875366
-0.5372141561
-0.5105016910
-0.4832753881
-0.4555609913
-0.4273847166
-0.3987732269
-0.3697536061
-0.3403533329
-0.3106002546
-0.2805225594
-0.2501487497
-0.2195076144
-0.1886282010
-0.1575397875
-0.1262718541
-0.0948540545
-0.0633161878
-0.0316881689
