-0.0591654594
-0.1183309188
-0.1772627827
-0.2357283418
-0.2934966556
-0.3503394284
-0.4060318757
-0.4603535762
-0.5130893085
-0.5640298673
-0.6129728570
-0.6597234595
-0.7040951731
-0.7459105201
-0.7850017200
-0.8212113258
-0.8543928216
-0.8844111779
-0.9111433642
-0.9344788156
-0.9543198521
-0.9705820492
-0.9831945583
-0.9921003752
-0.9972565565
-0.9986343823
-0.9962194656
-0.9900118063
-0.9800257916
-0.9662901413
-0.9488477988
-0.9277557683
-0.9030848984
-0.8749196136
-0.8433575939
-0.8085094041
-0.7704980749
-0.7294586356
-0.6855376023
-0.6388924219
-0.5896908749
-0.5381104390
-0.4843376159
-0.4285672237
-0.3710016580
-0.3118501240
-0.2513278433
-0.1896552370
-0.1270570898
-0.0637616973
