-0.0088982226
-0.0177964454
-0.0266939514
-0.0355900238
-0.0444839459
-0.0533750011
-0.0622624730
-0.0711456457
-0.0800238033
-0.0888962307
-0.0977622128
-0.1066210354
-0.1154719848
-0.1243143479
-0.1331474121
-0.1419704657
-0.1507827980
-0.1595836988
-0.1683724589
-0.1771483704
-0.1859107261
-0.1946588199
-0.2033919470
-0.2121094036
-0.2208104873
-0.2294944971
-0.2381607331
-0.2468084969
-0.2554370919
-0.2640458226
-0.2726339954
-0.2812009181
-0.2897459004
-0.2982682535
-0.3067672908
-0.3152423272
-0.3236926798
-0.3321176676
-0.3405166115
-0.3488888346
-0.3572336622
-0.3655504216
-0.3738384426
-0.3820970571
-0.3903255994
-0.3985234062
-0.4066898167
-0.4148241727
-0.4229258185
-0.4309941009
-0.4390283696
-0.4470279768
-0.4549922775
-0.4629206297
-0.4708123942
-0.4786669346
-0.4864836176
-0.4942618130
-0.5020008936
-0.5097002353
-0.5173592172
-0.5249772217
-0.5325536345
-0.5400878445
-0.5475792441
-0.5550272292
-0.5624311989
-0.5697905560
-0.5771047070
-0.5843730617
-0.5915950339
-0.5987700408
-0.6058975037
-0.6129768474
-0.6200075008
-0.6269888964
-0.6339204711
-0.6408016654
-0.6476319239
-0.6544106954
-0.6611374328
-0.6678115931
-0.6744326376
-0.6810000317
-0.6875132454
-0.6939717528
-0.7003750322
-0.7067225669
-0.7130138440
-0.7192483557
-0.7254255982
-0.7315450726
-0.7376062848
-0.7436087451
-0.7495519685
-0.7554354748
-0.7612587886
-0.7670214393
-0.7727229611
-0.7783628933
-0.7839407799
-0.7894561701
-0.7949086179
-0.8002976824
-0.8056229278
-0.8108839235
-0.8160802439
-0.8212114686
-0.8262771825
-0.8312769757
-0.8362104436
-0.8410771868
-0.8458768114
-0.8506089289
-0.8552731560
-0.8598691151
-0.8643964339
-0.8688547456
-0.8732436889
-0.8775629083
-0.8818120535
-0.8859907802
-0.8900987493
-0.8941356278
-0.8981010883
-0.9019948089
-0.9058164737
-0.9095657724
-0.9132424005
-0.9168460596
-0.9203764568
-0.9238333052
-0.9272163238
-0.9305252374
-0.9337597768
-0.9369196790
-0.9400046867
-0.9430145486
-0.9459490197
-0.9488078606
-0.9515908383
-0.9542977258
-0.9569283020
-0.9594823523
-0.9619596679
-0.9643600462
-0.9666832910
-0.9689292119
-0.9710976251
-0.9731883527
-0.9752012231
-0.9771360710
-0.9789927373
-0.9807710692
-0.9824709202
-0.9840921499
-0.9856346244
-0.9870982161
-0.9884828036
-0.9897882719
-0.9910145123
-0.9921614225
-0.9932289066
-0.9942168749
-0.9951252443
-0.9959539379
-0.9967028851
-0.9973720219
-0.9979612906
-0.9984706400
-0.9989000252
-0.9992494077
-0.9995187553
-0.9997080425
-0.9998172500
-0.9998463648
-0.9997953807
-0.9996642976
-0.9994531218
-0.9991618664
-0.9987905504
-0.9983391996
-0.9978078461
-0.9971965284
-0.9965052913
-0.9957341861
-0.9948832704
-0.9939526083
-0.9929422704
-0.9918523335
-0.9906828807
-0.9894340018
-0.9881057926
-0.9866983555
-0.9852117991
-0.9836462385
-0.9820017949
-0.9802785960
-0.9784767758
-0.9765964746
-0.9746378389
-0.9726010215
-0.9704861815
-0.9682934842
-0.9660231012
-0.9636752103
-0.9612499955
-0.9587476470
-0.9561683611
-0.9535123404
-0.9507797936
-0.9479709355
-0.9450859870
-0.9421251751
-0.9390887330
-0.9359768997
-0.9327899206
-0.9295280469
-0.9261915357
-0.9227806502
-0.9192956596
-0.9157368389
-0.9121044693
-0.9083988377
-0.9046202367
-0.9007689651
-0.8968453271
-0.8928496332
-0.8887821992
-0.8846433470
-0.8804334039
-0.8761527031
-0.8718015835
-0.8673803896
-0.8628894714
-0.8583291847
-0.8536998907
-0.8490019562
-0.8442357534
-0.8394016600
-0.8345000592
-0.8295313396
-0.8244958951
-0.8193941250
-0.8142264340
-0.8089932319
-0.8036949339
-0.7983319603
-0.7929047368
-0.7874136939
-0.7818592674
-0.7762418983
-0.7705620324
-0.7648201208
-0.7590166191
-0.7531519884
-0.7472266943
-0.7412412074
-0.7351960031
-0.7290915617
-0.7229283680
-0.7167069118
-0.7104276872
-0.7040911932
-0.6976979333
-0.6912484158
-0.6847431530
-0.6781826620
-0.6715674645
-0.6648980861
-0.6581750571
-0.6513989119
-0.6445701894
-0.6376894324
-0.6307571880
-0.6237740076
-0.6167404464
-0.6096570640
-0.6025244235
-0.5953430923
-0.5881136416
-0.5808366466
-0.5735126859
-0.5661423423
-0.5587262022
-0.5512648555
-0.5437588960
-0.5362089207
-0.5286155305
-0.5209793296
-0.5133009256
-0.5055809295
-0.4978199556
-0.4900186216
-0.4821775483
-0.4742973599
-0.4663786835
-0.4584221493
-0.4504283907
-0.4423980440
-0.4343317484
-0.4262301460
-0.4180938818
-0.4099236034
-0.4017199613
-0.3934836086
-0.3852152010
-0.3769153968
-0.3685848567
-0.3602242441
-0.3518342245
-0.3434154662
-0.3349686394
-0.3264944166
-0.3179934727
-0.3094664845
-0.3009141311
-0.2923370935
-0.2837360547
-0.2751116996
-0.2664647151
-0.2577957897
-0.2491056139
-0.2403948798
-0.2316642810
-0.2229145130
-0.2141462725
-0.2053602578
-0.1965571687
-0.1877377064
-0.1789025733
-0.1700524731
-0.1611881106
-0.1523101920
-0.1434194243
-0.1345165156
-0.1256021751
-0.1166771128
-0.1077420395
-0.0987976671
-0.0898447079
-0.0808838752
-0.0719158825
-0.0629414443
-0.0539612754
-0.0449760911
-0.0359866072
-0.0269935397
-0.0179976049
-0.0089995195
