-0.0088993476
-0.0177986951
-0.0266973257
-0.0355945223
-0.0444895681
-0.0533817464
-0.0622703409
-0.0711546354
-0.0800339141
-0.0889074615
-0.0977745628
-0.1066345035
-0.1154865698
-0.1243300484
-0.1331642269
-0.1419883934
-0.1508018369
-0.1596038474
-0.1683937156
-0.1771707333
-0.1859341932
-0.1946833894
-0.2034176168
-0.2121361716
-0.2208383512
-0.2295234546
-0.2381907818
-0.2468396344
-0.2554693154
-0.2640791296
-0.2726683831
-0.2812363837
-0.2897824408
-0.2983058659
-0.3068059720
-0.3152820740
-0.3237334890
-0.3321595358
-0.3405595353
-0.3489328104
-0.3572786864
-0.3655964906
-0.3738855526
-0.3821452041
-0.3903747796
-0.3985736156
-0.4067410512
-0.4148764280
-0.4229790904
-0.4310483851
-0.4390836615
-0.4470842720
-0.4550495715
-0.4629789178
-0.4708716715
-0.4787271964
-0.4865448590
-0.4943240290
-0.5020640790
-0.5097643851
-0.5174243262
-0.5250432846
-0.5326206458
-0.5401557989
-0.5476481361
-0.5550970531
-0.5625019490
-0.5698622267
-0.5771772924
-0.5844465559
-0.5916694310
-0.5988453348
-0.6059736884
-0.6130539166
-0.6200854483
-0.6270677160
-0.6340001563
-0.6408822097
-0.6477133209
-0.6544929385
-0.6612205153
-0.6678955082
-0.6745173786
-0.6810855918
-0.6875996175
-0.6940589300
-0.7004630076
-0.7068113332
-0.7131033941
-0.7193386823
-0.7255166941
-0.7316369305
-0.7376988971
-0.7437021044
-0.7496460673
-0.7555303055
-0.7613543434
-0.7671177106
-0.7728199412
-0.7784605743
-0.7840391539
-0.7895552292
-0.7950083541
-0.8003980876
-0.8057239940
-0.8109856425
-0.8161826075
-0.8213144685
-0.8263808105
-0.8313812234
-0.8363153026
-0.8411826486
-0.8459828676
-0.8507155709
-0.8553803753
-0.8599769029
-0.8645047816
-0.8689636445
-0.8733531302
-0.8776728832
-0.8819225532
-0.8861017957
-0.8902102717
-0.8942476482
-0.8982135976
-0.9021077981
-0.9059299336
-0.9096796940
-0.9133567747
-0.9169608771
-0.9204917083
-0.9239489815
-0.9273324156
-0.9306417353
-0.9338766716
-0.9370369612
-0.9401223469
-0.9431325773
-0.9460674074
-0.9489265979
-0.9517099156
-0.9544171334
-0.9570480305
-0.9596023920
-0.9620800092
-0.9644806794
-0.9668042064
-0.9690503999
-0.9712190759
-0.9733100564
-0.9753231701
-0.9772582515
-0.9791151414
-0.9808936872
-0.9825937422
-0.9842151661
-0.9857578248
-0.9872215909
-0.9886063429
-0.9899119658
-0.9911383508
-0.9922853958
-0.9933530047
-0.9943410879
-0.9952495621
-0.9960783506
-0.9968273828
-0.9974965945
-0.9980859282
-0.9985953326
-0.9990247628
-0.9993741802
-0.9996435529
-0.9998328551
-0.9999420676
-0.9999711774
-0.9999201783
-0.9997890702
-0.9995778595
-0.9992865590
-0.9989151881
-0.9984637724
-0.9979323440
-0.9973209413
-0.9966296094
-0.9958583994
-0.9950073689
-0.9940765822
-0.9930661097
-0.9919760283
-0.9908064211
-0.9895573779
-0.9882289946
-0.9868213735
-0.9853346232
-0.9837688589
-0.9821242019
-0.9804007798
-0.9785987265
-0.9767181825
-0.9747592943
-0.9727222146
-0.9706071027
-0.9684141239
-0.9661434497
-0.9637952579
-0.9613697327
-0.9588670642
-0.9562874488
-0.9536310890
-0.9508981937
-0.9480889776
-0.9452036617
-0.9422424729
-0.9392056446
-0.9360934159
-0.9329060320
-0.9296437441
-0.9263068096
-0.9228954916
-0.9194100592
-0.9158507878
-0.9122179583
-0.9085118577
-0.9047327787
-0.9008810201
-0.8969568863
-0.8929606876
-0.8888927399
-0.8847533652
-0.8805428909
-0.8762616502
-0.8719099819
-0.8674882307
-0.8629967467
-0.8584358855
-0.8538060086
-0.8491074827
-0.8443406801
-0.8395059785
-0.8346037613
-0.8296344170
-0.8245983396
-0.8194959284
-0.8143275882
-0.8090937289
-0.8037947657
-0.7984311189
-0.7930032143
-0.7875114825
-0.7819563593
-0.7763382858
-0.7706577079
-0.7649150766
-0.7591108477
-0.7532454823
-0.7473194461
-0.7413332097
-0.7352872485
-0.7291820430
-0.7230180781
-0.7167958435
-0.7105158334
-0.7041785470
-0.6977844878
-0.6913341640
-0.6848280881
-0.6782667774
-0.6716507534
-0.6649805419
-0.6582566733
-0.6514796821
-0.6446501071
-0.6377684912
-0.6308353818
-0.6238513301
-0.6168168916
-0.6097326256
-0.6025990957
-0.5954168692
-0.5881865174
-0.5809086153
-0.5735837420
-0.5662124802
-0.5587954162
-0.5513331403
-0.5438262461
-0.5362753309
-0.5286809954
-0.5210438441
-0.5133644846
-0.5056435280
-0.4978815886
-0.4900792843
-0.4822372360
-0.4743560678
-0.4664364069
-0.4584788838
-0.4504841318
-0.4424527873
-0.4343854895
-0.4262828808
-0.4181456061
-0.4099743131
-0.4017696525
-0.3935322774
-0.3852628436
-0.3769620093
-0.3686304356
-0.3602687858
-0.3518777256
-0.3434579231
-0.3350100489
-0.3265347755
-0.3180327778
-0.3095047327
-0.3009513195
-0.2923732192
-0.2837711148
-0.2751456915
-0.2664976361
-0.2578276373
-0.2491363855
-0.2404245731
-0.2316928938
-0.2229420430
-0.2141727175
-0.2053856159
-0.1965814380
-0.1877608850
-0.1789246593
-0.1700734649
-0.1612080067
-0.1523289908
-0.1434371243
-0.1345331156
-0.1256176738
-0.1166915090
-0.1077553323
-0.0988098554
-0.0898557909
-0.0808938519
-0.0719247524
-0.0629492067
-0.0539679298
-0.0449816370
-0.0359910443
-0.0269968677
-0.0179998237
-0.0090006288
