-0.0205284542
-0.0410569087
-0.0615763588
-0.0820778035
-0.1025522496
-0.1229907157
-0.1433842357
-0.1637238633
-0.1840006754
-0.2042057759
-0.2243303000
-0.2443654176
-0.2643023374
-0.2841323106
-0.3038466347
-0.3234366571
-0.3428937793
-0.3622094599
-0.3813752192
-0.4003826420
-0.4192233819
-0.4378891646
-0.4563717913
-0.4746631428
-0.4927551825
-0.5106399601
-0.5283096151
-0.5457563800
-0.5629725837
-0.5799506552
-0.5966831263
-0.6131626351
-0.6293819295
-0.6453338697
-0.6610114317
-0.6764077104
-0.6915159223
-0.7063294087
-0.7208416384
-0.7350462105
-0.7489368575
-0.7625074477
-0.7757519878
-0.7886646257
-0.8012396531
-0.8134715076
-0.8253547754
-0.8368841938
-0.8480546531
-0.8588611988
-0.8692990342
-0.8793635220
-0.8890501867
-0.8983547162
-0.9072729637
-0.9158009499
-0.9239348641
-0.9316710664
-0.9390060890
-0.9459366376
-0.9524595931
-0.9585720129
-0.9642711320
-0.9695543642
-0.9744193035
-0.9788637248
-0.9828855852
-0.9864830244
-0.9896543662
-0.9923981185
-0.9947129745
-0.9965978128
-0.9980516985
-0.9990738828
-0.9996638041
-0.9998210879
-0.9995455466
-0.9988371803
-0.9976961763
-0.9961229093
-0.9941179409
-0.9916820197
-0.9888160808
-0.9855212454
-0.9817988203
-0.9776502976
-0.9730773536
-0.9680818484
-0.9626658250
-0.9568315084
-0.9505813047
-0.9439177999
-0.9368437591
-0.9293621248
-0.9214760162
-0.9131887275
-0.9045037265
-0.8954246531
-0.8859553179
-0.8760997003
-0.8658619469
-0.8552463700
-0.8442574449
-0.8328998090
-0.8211782591
-0.8090977494
-0.7966633897
-0.7838804427
-0.7707543223
-0.7572905906
-0.7434949562
-0.7293732710
-0.7149315283
-0.7001758598
-0.6851125331
-0.6697479489
-0.6540886385
-0.6381412605
-0.6219125985
-0.6054095575
-0.5886391616
-0.5716085505
-0.5543249763
-0.5367958010
-0.5190284925
-0.5010306221
-0.4828098608
-0.4643739760
-0.4457308283
-0.4268883680
-0.4078546316
-0.3886377383
-0.3692458870
-0.3496873519
-0.3299704795
-0.3101036849
-0.2900954478
-0.2699543096
-0.2496888690
-0.2293077783
-0.2088197401
-0.1882335033
-0.1675578591
-0.1468016376
-0.1259737037
-0.1050829534
-0.0841383098
-0.0631487193
-0.0421231479
-0.0210705771
