-0.0205289422
-0.0410578845
-0.0615778216
-0.0820797524
-0.1025546836
-0.1229936336
-0.1433876360
-0.1637277443
-0.1840050352
-0.2042106124
-0.2243356109
-0.2443712004
-0.2643085895
-0.2841390290
-0.3038538162
-0.3234442986
-0.3429018771
-0.3622180104
-0.3813842184
-0.4003920860
-0.4192332663
-0.4378994849
-0.4563825430
-0.4746743209
-0.4927667820
-0.5106519758
-0.5283220417
-0.5457692118
-0.5629858151
-0.5799642803
-0.5966971389
-0.6131770291
-0.6293966984
-0.6453490071
-0.6610269308
-0.6764235643
-0.6915321241
-0.7063459511
-0.7208585141
-0.7350634121
-0.7489543775
-0.7625252782
-0.7757701210
-0.7886830538
-0.8012583678
-0.8134905007
-0.8253740386
-0.8369037187
-0.8480744310
-0.8588812211
-0.8693192922
-0.8793840068
-0.8890708893
-0.8983756275
-0.9072940747
-0.9158222512
-0.9239563465
-0.9316927206
-0.9390279054
-0.9459586067
-0.9524817054
-0.9585942588
-0.9642935017
-0.9695768480
-0.9744418917
-0.9788864075
-0.9829083525
-0.9865058665
-0.9896772732
-0.9924210804
-0.9947359813
-0.9966208547
-0.9980747653
-0.9990969646
-0.9996868909
-0.9998441697
-0.9995686134
-0.9988602221
-0.9977191832
-0.9961458714
-0.9941408482
-0.9917048623
-0.9888388489
-0.9855439291
-0.9818214099
-0.9776727833
-0.9730997258
-0.9681040974
-0.9626879412
-0.9568534824
-0.9506031269
-0.9439394610
-0.9368652497
-0.9293834359
-0.9214971385
-0.9132096519
-0.9045244441
-0.8954451550
-0.8859755953
-0.8761197445
-0.8658817495
-0.8552659223
-0.8442767387
-0.8329188361
-0.8211970112
-0.8091162186
-0.7966815681
-0.7838983227
-0.7707718961
-0.7573078508
-0.7435118955
-0.7293898822
-0.7149478043
-0.7001917937
-0.6851281182
-0.6697631786
-0.6541035063
-0.6381557603
-0.6219267240
-0.6054233028
-0.5886525209
-0.5716215182
-0.5543375470
-0.5368079693
-0.5190402535
-0.5010419708
-0.4828207924
-0.4643844860
-0.4457409124
-0.4268980219
-0.4078638513
-0.3886465202
-0.3692542273
-0.3496952472
-0.3299779266
-0.3101106808
-0.2901019897
-0.2699603948
-0.2496944951
-0.2293129430
-0.2088244414
-0.1882377393
-0.1675616283
-0.1468049385
-0.1259765351
-0.1050853143
-0.0841401993
-0.0631501368
-0.0421240930
-0.0210710497
