-0.0103667751
-0.0207335504
-0.0310991891
-0.0414625543
-0.0518225097
-0.0621779192
-0.0725276470
-0.0828705583
-0.0932055188
-0.1035313952
-0.1138470551
-0.1241513671
-0.1344432012
-0.1447214289
-0.1549849228
-0.1652325574
-0.1754632087
-0.1856757549
-0.1958690757
-0.2060420533
-0.2161935719
-0.2263225181
-0.2364277809
-0.2465082521
-0.2565628260
-0.2665903997
-0.2765898732
-0.2865601499
-0.2965001360
-0.3064087412
-0.3162848784
-0.3261274644
-0.3359354194
-0.3457076673
-0.3554431362
-0.3651407579
-0.3747994686
-0.3844182084
-0.3939959220
-0.4035315586
-0.4130240719
-0.4224724201
-0.4318755666
-0.4412324795
-0.4505421318
-0.4598035019
-0.4690155734
-0.4781773352
-0.4872877818
-0.4963459130
-0.5053507348
-0.5143012585
-0.5231965016
-0.5320354876
-0.5408172461
-0.5495408128
-0.5582052299
-0.5668095460
-0.5753528163
-0.5838341024
-0.5922524731
-0.6006070035
-0.6088967762
-0.6171208806
-0.6252784131
-0.6333684776
-0.6413901853
-0.6493426548
-0.6572250121
-0.6650363912
-0.6727759335
-0.6804427884
-0.6880361132
-0.6955550730
-0.7029988413
-0.7103665997
-0.7176575380
-0.7248708544
-0.7320057555
-0.7390614567
-0.7460371818
-0.7529321633
-0.7597456426
-0.7664768698
-0.7731251043
-0.7796896141
-0.7861696767
-0.7925645786
-0.7988736156
-0.8050960929
-0.8112313250
-0.8172786362
-0.8232373601
-0.8291068399
-0.8348864289
-0.8405754898
-0.8461733955
-0.8516795284
-0.8570932812
-0.8624140566
-0.8676412676
-0.8727743371
-0.8778126983
-0.8827557950
-0.8876030809
-0.8923540207
-0.8970080891
-0.9015647716
-0.9060235644
-0.9103839741
-0.9146455182
-0.9188077249
-0.9228701333
-0.9268322932
-0.9306937654
-0.9344541218
-0.9381129452
-0.9416698294
-0.9451243795
-0.9484762117
-0.9517249530
-0.9548702423
-0.9579117292
-0.9608490748
-0.9636819516
-0.9664100435
-0.9690330458
-0.9715506651
-0.9739626196
-0.9762686391
-0.9784684649
-0.9805618496
-0.9825485578
-0.9844283655
-0.9862010602
-0.9878664414
-0.9894243202
-0.9908745191
-0.9922168727
-0.9934512272
-0.9945774406
-0.9955953827
-0.9965049349
-0.9973059907
-0.9979984553
-0.9985822456
-0.9990572906
-0.9994235309
-0.9996809189
-0.9998294193
-0.9998690082
-0.9997996737
-0.9996214160
-0.9993342467
-0.9989381897
-0.9984332806
-0.9978195666
-0.9970971073
-0.9962659737
-0.9953262488
-0.9942780275
-0.9931214163
-0.9918565337
-0.9904835099
-0.9890024870
-0.9874136186
-0.9857170704
-0.9839130196
-0.9820016552
-0.9799831778
-0.9778577997
-0.9756257450
-0.9732872492
-0.9708425595
-0.9682919346
-0.9656356449
-0.9628739721
-0.9600072094
-0.9570356617
-0.9539596451
-0.9507794871
-0.9474955266
-0.9441081137
-0.9406176100
-0.9370243880
-0.9333288318
-0.9295313362
-0.9256323075
-0.9216321627
-0.9175313301
-0.9133302488
-0.9090293689
-0.9046291515
-0.9001300682
-0.8955326016
-0.8908372450
-0.8860445024
-0.8811548882
-0.8761689275
-0.8710871559
-0.8659101194
-0.8606383744
-0.8552724877
-0.8498130363
-0.8442606072
-0.8386157978
-0.8328792153
-0.8270514773
-0.8211332110
-0.8151250534
-0.8090276516
-0.8028416622
-0.7965677515
-0.7902065954
-0.7837588792
-0.7772252979
-0.7706065555
-0.7639033656
-0.7571164507
-0.7502465427
-0.7432943824
-0.7362607195
-0.7291463126
-0.7219519293
-0.7146783457
-0.7073263466
-0.6998967251
-0.6923902833
-0.6848078311
-0.6771501871
-0.6694181778
-0.6616126380
-0.6537344103
-0.6457843456
-0.6377633022
-0.6296721463
-0.6215117518
-0.6132830001
-0.6049867800
-0.5966239877
-0.5881955266
-0.5797023074
-0.5711452477
-0.5625252720
-0.5538433118
-0.5451003053
-0.5362971974
-0.5274349395
-0.5185144895
-0.5095368115
-0.5005028760
-0.4914136595
-0.4822701445
-0.4730733196
-0.4638241790
-0.4545237227
-0.4451729563
-0.4357728909
-0.4263245428
-0.4168289338
-0.4072870907
-0.3977000454
-0.3880688347
-0.3783945002
-0.3686780882
-0.3589206496
-0.3491232398
-0.3392869184
-0.3294127495
-0.3195018010
-0.3095551451
-0.2995738577
-0.2895590187
-0.2795117112
-0.2694330225
-0.2593240427
-0.2491858655
-0.2390195878
-0.2288263095
-0.2186071335
-0.2083631653
-0.1980955133
-0.1878052885
-0.1774936043
-0.1671615764
-0.1568103227
-0.1464409634
-0.1360546205
-0.1256524178
-0.1152354809
-0.1048049370
-0.0943619149
-0.0839075445
-0.0734429572
-0.0629692852
-0.0524876621
-0.0419992220
-0.0315050999
-0.0210064314
-0.0105043526
