-0.0062455915
-0.0124911829
-0.0187365278
-0.0249813796
-0.0312254916
-0.0374686175
-0.0437105108
-0.0499509250
-0.0561896137
-0.0624263308
-0.0686608300
-0.0748928650
-0.0811221900
-0.0873485590
-0.0935717261
-0.0997914458
-0.1060074724
-0.1122195604
-0.1184274648
-0.1246309404
-0.1308297423
-0.1370236257
-0.1432123462
-0.1493956594
-0.1555733211
-0.1617450876
-0.1679107151
-0.1740699601
-0.1802225796
-0.1863683306
-0.1925069704
-0.1986382568
-0.2047619476
-0.2108778011
-0.2169855757
-0.2230850305
-0.2291759245
-0.2352580172
-0.2413310686
-0.2473948388
-0.2534490883
-0.2594935783
-0.2655280700
-0.2715523251
-0.2775661059
-0.2835691748
-0.2895612948
-0.2955422292
-0.3015117420
-0.3074695974
-0.3134155601
-0.3193493955
-0.3252708692
-0.3311797473
-0.3370757966
-0.3429587842
-0.3488284777
-0.3546846455
-0.3605270563
-0.3663554794
-0.3721696845
-0.3779694422
-0.3837545234
-0.3895246995
-0.3952797428
-0.4010194260
-0.4067435223
-0.4124518058
-0.4181440510
-0.4238200330
-0.4294795278
-0.4351223118
-0.4407481621
-0.4463568564
-0.4519481734
-0.4575218922
-0.4630777925
-0.4686156551
-0.4741352611
-0.4796363924
-0.4851188319
-0.4905823630
-0.4960267697
-0.5014518372
-0.5068573511
-0.5122430978
-0.5176088645
-0.5229544394
-0.5282796112
-0.5335841695
-0.5388679049
-0.5441306086
-0.5493720725
-0.5545920898
-0.5597904541
-0.5649669599
-0.5701214029
-0.5752535793
-0.5803632863
-0.5854503219
-0.5905144853
-0.5955555763
-0.6005733956
-0.6055677451
-0.6105384274
-0.6154852459
-0.6204080053
-0.6253065110
-0.6301805693
-0.6350299877
-0.6398545745
-0.6446541390
-0.6494284914
-0.6541774432
-0.6589008065
-0.6635983945
-0.6682700217
-0.6729155034
-0.6775346558
-0.6821272965
-0.6866932438
-0.6912323171
-0.6957443371
-0.7002291253
-0.7046865044
-0.7091162981
-0.7135183314
-0.7178924301
-0.7222384211
-0.7265561328
-0.7308453943
-0.7351060359
-0.7393378892
-0.7435407868
-0.7477145624
-0.7518590508
-0.7559740883
-0.7600595120
-0.7641151602
-0.7681408726
-0.7721364898
-0.7761018536
-0.7800368073
-0.7839411951
-0.7878148624
-0.7916576561
-0.7954694240
-0.7992500152
-0.8029992800
-0.8067170702
-0.8104032385
-0.8140576389
-0.8176801269
-0.8212705590
-0.8248287929
-0.8283546879
-0.8318481043
-0.8353089037
-0.8387369492
-0.8421321049
-0.8454942363
-0.8488232101
-0.8521188947
-0.8553811594
-0.8586098748
-0.8618049132
-0.8649661479
-0.8680934535
-0.8711867062
-0.8742457833
-0.8772705635
-0.8802609270
-0.8832167552
-0.8861379309
-0.8890243381
-0.8918758625
-0.8946923909
-0.8974738115
-0.9002200141
-0.9029308897
-0.9056063306
-0.9082462308
-0.9108504854
-0.9134189909
-0.9159516455
-0.9184483486
-0.9209090010
-0.9233335049
-0.9257217642
-0.9280736839
-0.9303891704
-0.9326681319
-0.9349104777
-0.9371161185
-0.9392849668
-0.9414169362
-0.9435119418
-0.9455699005
-0.9475907303
-0.9495743507
-0.9515206826
-0.9534296487
-0.9553011729
-0.9571351805
-0.9589315986
-0.9606903555
-0.9624113809
-0.9640946064
-0.9657399647
-0.9673473900
-0.9689168183
-0.9704481869
-0.9719414346
-0.9733965016
-0.9748133299
-0.9761918627
-0.9775320447
-0.9788338224
-0.9800971435
-0.9813219573
-0.9825082148
-0.9836558683
-0.9847648716
-0.9858351803
-0.9868667512
-0.9878595428
-0.9888135149
-0.9897286292
-0.9906048487
-0.9914421378
-0.9922404628
-0.9929997913
-0.9937200923
-0.9944013367
-0.9950434966
-0.9956465457
-0.9962104595
-0.9967352147
-0.9972207897
-0.9976671644
-0.9980743204
-0.9984422406
-0.9987709095
-0.9990603134
-0.9993104398
-0.9995212778
-0.9996928183
-0.9998250535
-0.9999179771
-0.9999715847
-0.9999858731
-0.9999608407
-0.9998964874
-0.9997928150
-0.9996498265
-0.9994675264
-0.9992459211
-0.9989850182
-0.9986848269
-0.9983453582
-0.9979666244
-0.9975486393
-0.9970914185
-0.9965949789
-0.9960593391
-0.9954845190
-0.9948705404
-0.9942174264
-0.9935252016
-0.9927938924
-0.9920235265
-0.9912141331
-0.9903657433
-0.9894783893
-0.9885521049
-0.9875869258
-0.9865828888
-0.9855400324
-0.9844583966
-0.9833380231
-0.9821789549
-0.9809812365
-0.9797449142
-0.9784700355
-0.9771566495
-0.9758048070
-0.9744145601
-0.9729859624
-0.9715190693
-0.9700139374
-0.9684706249
-0.9668891914
-0.9652696983
-0.9636122081
-0.9619167849
-0.9601834946
-0.9584124043
-0.9566035825
-0.9547570996
-0.9528730271
-0.9509514380
-0.9489924071
-0.9469960103
-0.9449623251
-0.9428914304
-0.9407834069
-0.9386383364
-0.9364563021
-0.9342373890
-0.9319816833
-0.9296892726
-0.9273602463
-0.9249946949
-0.9225927103
-0.9201543862
-0.9176798174
-0.9151691002
-0.9126223322
-0.9100396128
-0.9074210424
-0.9047667229
-0.9020767579
-0.8993512521
-0.8965903116
-0.8937940442
-0.8909625587
-0.8880959654
-0.8851943762
-0.8822579041
-0.8792866636
-0.8762807705
-0.8732403422
-0.8701654971
-0.8670563551
-0.8639130376
-0.8607356671
-0.8575243675
-0.8542792643
-0.8510004840
-0.8476881544
-0.8443424050
-0.8409633663
-0.8375511701
-0.8341059495
-0.8306278392
-0.8271169749
-0.8235734936
-0.8199975338
-0.8163892350
-0.8127487380
-0.8090761852
-0.8053717199
-0.8016354867
-0.7978676317
-0.7940683020
-0.7902376460
-0.7863758132
-0.7824829547
-0.7785592225
-0.7746047698
-0.7706197513
-0.7666043226
-0.7625586405
-0.7584828633
-0.7543771502
-0.7502416616
-0.7460765593
-0.7418820060
-0.7376581656
-0.7334052031
-0.7291232850
-0.7248125785
-0.7204732521
-0.7161054756
-0.7117094197
-0.7072852561
-0.7028331580
-0.6983532994
-0.6938458555
-0.6893110024
-0.6847489176
-0.6801597794
-0.6755437672
-0.6709010617
-0.6662318444
-0.6615362978
-0.6568146058
-0.6520669529
-0.6472935247
-0.6424945081
-0.6376700908
-0.6328204615
-0.6279458098
-0.6230463266
-0.6181222034
-0.6131736328
-0.6082008086
-0.6032039252
-0.5981831780
-0.5931387637
-0.5880708795
-0.5829797236
-0.5778654954
-0.5727283949
-0.5675686231
-0.5623863818
-0.5571818740
-0.5519553033
-0.5467068741
-0.5414367920
-0.5361452632
-0.5308324946
-0.5254986944
-0.5201440712
-0.5147688345
-0.5093731948
-0.5039573632
-0.4985215517
-0.4930659729
-0.4875908406
-0.4820963690
-0.4765827730
-0.4710502687
-0.4654990725
-0.4599294016
-0.4543414742
-0.4487355090
-0.4431117253
-0.4374703435
-0.4318115843
-0.4261356692
-0.4204428203
-0.4147332607
-0.4090072138
-0.4032649037
-0.3975065554
-0.3917323942
-0.3859426461
-0.3801375380
-0.3743172970
-0.3684821509
-0.3626323284
-0.3567680584
-0.3508895705
-0.3449970948
-0.3390908622
-0.3331711038
-0.3272380513
-0.3212919372
-0.3153329942
-0.3093614556
-0.3033775554
-0.2973815278
-0.2913736075
-0.2853540299
-0.2793230306
-0.2732808458
-0.2672277120
-0.2611638664
-0.2550895464
-0.2490049898
-0.2429104350
-0.2368061206
-0.2306922855
-0.2245691693
-0.2184370117
-0.2122960528
-0.2061465332
-0.1999886937
-0.1938227754
-0.1876490197
-0.1814676685
-0.1752789638
-0.1690831479
-0.1628804636
-0.1566711537
-0.1504554613
-0.1442336300
-0.1380059034
-0.1317725253
-0.1255337400
-0.1192897917
-0.1130409250
-0.1067873845
-0.1005294153
-0.0942672624
-0.0880011709
-0.0817313864
-0.0754581544
-0.0691817205
-0.0629023307
-0.0566202308
-0.0503356667
-0.0440488848
-0.0377601312
-0.0314696522
-0.0251776940
-0.0188845033
-0.0125903264
-0.0062954097
