-0.0062439890
-0.0124879782
-0.0187317209
-0.0249749708
-0.0312174813
-0.0374590059
-0.0436992985
-0.0499381124
-0.0561752015
-0.0624103195
-0.0686432203
-0.0748736578
-0.0811013859
-0.0873261590
-0.0935477312
-0.0997658569
-0.1059802906
-0.1121907869
-0.1183971007
-0.1245989870
-0.1307962009
-0.1369884977
-0.1431756330
-0.1493573625
-0.1555334422
-0.1617036282
-0.1678676769
-0.1740253450
-0.1801763893
-0.1863205669
-0.1924576354
-0.1985873524
-0.2047094759
-0.2108237642
-0.2169299758
-0.2230278698
-0.2291172054
-0.2351977421
-0.2412692398
-0.2473314588
-0.2533841598
-0.2594271038
-0.2654600521
-0.2714827667
-0.2774950097
-0.2834965437
-0.2894871316
-0.2954665371
-0.3014345238
-0.3073908563
-0.3133352993
-0.3192676182
-0.3251875786
-0.3310949469
-0.3369894896
-0.3428709741
-0.3487391681
-0.3545938399
-0.3604347583
-0.3662616927
-0.3720744130
-0.3778726895
-0.3836562934
-0.3894249963
-0.3951785702
-0.4009167880
-0.4066394232
-0.4123462496
-0.4180370419
-0.4237115753
-0.4293696258
-0.4350109699
-0.4406353847
-0.4462426481
-0.4518325386
-0.4574048355
-0.4629593187
-0.4684957689
-0.4740139671
-0.4795136956
-0.4849947371
-0.4904568752
-0.4958998939
-0.5013235783
-0.5067277143
-0.5121120882
-0.5174764874
-0.5228206999
-0.5281445147
-0.5334477215
-0.5387301106
-0.5439914736
-0.5492316023
-0.5544502900
-0.5596473302
-0.5648225178
-0.5699756481
-0.5751065177
-0.5802149237
-0.5853006643
-0.5903635385
-0.5954033463
-0.6004198885
-0.6054129669
-0.6103823843
-0.6153279441
-0.6202494510
-0.6251467104
-0.6300195289
-0.6348677138
-0.6396910735
-0.6444894174
-0.6492625558
-0.6540103001
-0.6587324624
-0.6634288563
-0.6680992960
-0.6727435969
-0.6773615755
-0.6819530490
-0.6865178361
-0.6910557563
-0.6955666300
-0.7000502789
-0.7045065259
-0.7089351946
-0.7133361100
-0.7177090981
-0.7220539857
-0.7263706013
-0.7306587740
-0.7349183343
-0.7391491136
-0.7433509447
-0.7475236613
-0.7516670983
-0.7557810920
-0.7598654794
-0.7639200991
-0.7679447907
-0.7719393947
-0.7759037533
-0.7798377095
-0.7837411077
-0.7876137934
-0.7914556133
-0.7952664154
-0.7990460488
-0.8027943640
-0.8065112126
-0.8101964474
-0.8138499226
-0.8174714934
-0.8210610167
-0.8246183501
-0.8281433528
-0.8316358852
-0.8350958091
-0.8385229875
-0.8419172845
-0.8452785656
-0.8486066978
-0.8519015493
-0.8551629894
-0.8583908889
-0.8615851200
-0.8647455560
-0.8678720717
-0.8709645432
-0.8740228479
-0.8770468645
-0.8800364732
-0.8829915554
-0.8859119940
-0.8887976731
-0.8916484783
-0.8944642964
-0.8972450158
-0.8999905262
-0.9027007186
-0.9053754855
-0.9080147206
-0.9106183194
-0.9131861782
-0.9157181953
-0.9182142700
-0.9206743033
-0.9230981974
-0.9254858561
-0.9278371845
-0.9301520892
-0.9324304780
-0.9346722606
-0.9368773476
-0.9390456515
-0.9411770858
-0.9432715660
-0.9453290086
-0.9473493317
-0.9493324550
-0.9512782995
-0.9531867876
-0.9550578433
-0.9568913921
-0.9586873610
-0.9604456783
-0.9621662737
-0.9638490789
-0.9654940265
-0.9671010509
-0.9686700880
-0.9702010750
-0.9716939508
-0.9731486559
-0.9745651318
-0.9759433221
-0.9772831714
-0.9785846261
-0.9798476341
-0.9810721446
-0.9822581086
-0.9834054785
-0.9845142080
-0.9855842528
-0.9866155697
-0.9876081171
-0.9885618550
-0.9894767449
-0.9903527500
-0.9911898346
-0.9919879650
-0.9927471089
-0.9934672352
-0.9941483148
-0.9947903199
-0.9953932243
-0.9959570032
-0.9964816334
-0.9969670935
-0.9974133633
-0.9978204243
-0.9981882595
-0.9985168535
-0.9988061924
-0.9990562638
-0.9992670568
-0.9994385623
-0.9995707725
-0.9996636812
-0.9997172837
-0.9997315771
-0.9997065597
-0.9996422314
-0.9995385940
-0.9993956504
-0.9992134054
-0.9989918650
-0.9987310371
-0.9984309308
-0.9980915570
-0.9977129280
-0.9972950579
-0.9968379619
-0.9963416570
-0.9958061620
-0.9952314966
-0.9946176826
-0.9939647432
-0.9932727030
-0.9925415882
-0.9917714266
-0.9909622475
-0.9901140818
-0.9892269618
-0.9883009214
-0.9873359960
-0.9863322226
-0.9852896397
-0.9842082872
-0.9830882068
-0.9819294416
-0.9807320360
-0.9794960362
-0.9782214897
-0.9769084459
-0.9755569552
-0.9741670698
-0.9727388434
-0.9712723312
-0.9697675899
-0.9682246777
-0.9666436543
-0.9650245808
-0.9633675198
-0.9616725355
-0.9599396936
-0.9581690612
-0.9563607070
-0.9545147012
-0.9526311153
-0.9507100223
-0.9487514969
-0.9467556151
-0.9447224543
-0.9426520935
-0.9405446132
-0.9384000953
-0.9362186230
-0.9340002812
-0.9317451560
-0.9294533353
-0.9271249080
-0.9247599650
-0.9223585980
-0.9199209006
-0.9174469676
-0.9149368954
-0.9123907816
-0.9098087254
-0.9071908272
-0.9045371890
-0.9018479143
-0.8991231077
-0.8963628755
-0.8935673251
-0.8907365656
-0.8878707072
-0.8849698617
-0.8820341420
-0.8790636627
-0.8760585397
-0.8730188900
-0.8699448323
-0.8668364863
-0.8636939734
-0.8605174161
-0.8573069384
-0.8540626654
-0.8507847238
-0.8474732415
-0.8441283477
-0.8407501730
-0.8373388491
-0.8338945093
-0.8304172879
-0.8269073208
-0.8233647449
-0.8197896987
-0.8161823216
-0.8125427545
-0.8088711395
-0.8051676201
-0.8014323408
-0.7976654476
-0.7938670877
-0.7900374093
-0.7861765620
-0.7822846967
-0.7783619655
-0.7744085216
-0.7704245195
-0.7664101148
-0.7623654644
-0.7582907264
-0.7541860600
-0.7500516256
-0.7458875849
-0.7416941006
-0.7374713365
-0.7332194577
-0.7289386305
-0.7246290221
-0.7202908011
-0.7159241370
-0.7115292006
-0.7071061636
-0.7026551991
-0.6981764809
-0.6936701844
-0.6891364857
-0.6845755620
-0.6799875916
-0.6753727541
-0.6707312298
-0.6660632004
-0.6613688484
-0.6566483574
-0.6519019120
-0.6471296978
-0.6423319015
-0.6375087109
-0.6326603146
-0.6277869022
-0.6228886644
-0.6179657928
-0.6130184799
-0.6080469194
-0.6030513058
-0.5980318343
-0.5929887016
-0.5879221048
-0.5828322423
-0.5777193130
-0.5725835172
-0.5674250557
-0.5622441304
-0.5570409441
-0.5518157003
-0.5465686036
-0.5412998592
-0.5360096735
-0.5306982534
-0.5253658068
-0.5200125424
-0.5146386696
-0.5092443989
-0.5038299412
-0.4983955087
-0.4929413138
-0.4874675701
-0.4819744920
-0.4764622943
-0.4709311929
-0.4653814042
-0.4598131455
-0.4542266346
-0.4486220905
-0.4429997324
-0.4373597804
-0.4317024552
-0.4260279785
-0.4203365722
-0.4146284592
-0.4089038630
-0.4031630077
-0.3974061180
-0.3916334194
-0.3858451378
-0.3800414998
-0.3742227327
-0.3683890642
-0.3625407228
-0.3566779375
-0.3508009378
-0.3449099538
-0.3390052161
-0.3330869560
-0.3271554051
-0.3212107957
-0.3152533605
-0.3092833329
-0.3033009467
-0.2973064359
-0.2913000355
-0.2852819805
-0.2792525066
-0.2732118498
-0.2671602469
-0.2610979346
-0.2550251505
-0.2489421323
-0.2428491182
-0.2367463469
-0.2306340573
-0.2245124887
-0.2183818809
-0.2122424740
-0.2060945083
-0.1999382248
-0.1937738643
-0.1876016684
-0.1814218787
-0.1752347373
-0.1690404864
-0.1628393686
-0.1566316268
-0.1504175041
-0.1441972438
-0.1379710896
-0.1317392853
-0.1255020749
-0.1192597027
-0.1130124133
-0.1067604512
-0.1005040613
-0.0942434886
-0.0879789783
-0.0817107757
-0.0754391264
-0.0691642759
-0.0628864701
-0.0566059547
-0.0503229758
-0.0440377793
-0.0377506116
-0.0314617187
-0.0251713470
-0.0188797429
-0.0125871527
-0.0062938229
