-0.0077952813
-0.0155905626
-0.0233853630
-0.0311792017
-0.0389715980
-0.0467620712
-0.0545501408
-0.0623353262
-0.0701171473
-0.0778951241
-0.0856687768
-0.0934376258
-0.1012011919
-0.1089589962
-0.1167105602
-0.1244554057
-0.1321930549
-0.1399230305
-0.1476448558
-0.1553580542
-0.1630621500
-0.1707566680
-0.1784411335
-0.1861150724
-0.1937780113
-0.2014294775
-0.2090689990
-0.2166961045
-0.2243103234
-0.2319111860
-0.2394982235
-0.2470709676
-0.2546289512
-0.2621717080
-0.2696987727
-0.2772096809
-0.2847039692
-0.2921811752
-0.2996408376
-0.3070824961
-0.3145056916
-0.3219099661
-0.3292948628
-0.3366599259
-0.3440047010
-0.3513287349
-0.3586315757
-0.3659127727
-0.3731718766
-0.3804084395
-0.3876220148
-0.3948121574
-0.4019784236
-0.4091203711
-0.4162375593
-0.4233295488
-0.4303959020
-0.4374361828
-0.4444499566
-0.4514367906
-0.4583962535
-0.4653279158
-0.4722313496
-0.4791061288
-0.4859518291
-0.4927680279
-0.4995543045
-0.5063102398
-0.5130354168
-0.5197294204
-0.5263918373
-0.5330222562
-0.5396202677
-0.5461854645
-0.5527174412
-0.5592157945
-0.5656801231
-0.5721100279
-0.5785051119
-0.5848649800
-0.5911892396
-0.5974775001
-0.6037293732
-0.6099444727
-0.6161224148
-0.6222628179
-0.6283653027
-0.6344294922
-0.6404550118
-0.6464414893
-0.6523885549
-0.6582958413
-0.6641629833
-0.6699896185
-0.6757753869
-0.6815199310
-0.6872228958
-0.6928839288
-0.6985026802
-0.7040788027
-0.7096119517
-0.7151017852
-0.7205479638
-0.7259501509
-0.7313080124
-0.7366212171
-0.7418894365
-0.7471123449
-0.7522896193
-0.7574209395
-0.7625059882
-0.7675444509
-0.7725360159
-0.7774803745
-0.7823772208
-0.7872262519
-0.7920271676
-0.7967796710
-0.8014834680
-0.8061382675
-0.8107437814
-0.8152997246
-0.8198058151
-0.8242617739
-0.8286673251
-0.8330221959
-0.8373261166
-0.8415788207
-0.8457800446
-0.8499295282
-0.8540270144
-0.8580722493
-0.8620649822
-0.8660049656
-0.8698919553
-0.8737257103
-0.8775059929
-0.8812325687
-0.8849052066
-0.8885236789
-0.8920877609
-0.8955972315
-0.8990518729
-0.9024514707
-0.9057958138
-0.9090846946
-0.9123179088
-0.9154952556
-0.9186165376
-0.9216815608
-0.9246901347
-0.9276420723
-0.9305371898
-0.9333753072
-0.9361562479
-0.9388798388
-0.9415459104
-0.9441542966
-0.9467048350
-0.9491973666
-0.9516317360
-0.9540077914
-0.9563253846
-0.9585843709
-0.9607846094
-0.9629259624
-0.9650082962
-0.9670314806
-0.9689953890
-0.9708998985
-0.9727448898
-0.9745302473
-0.9762558590
-0.9779216166
-0.9795274154
-0.9810731545
-0.9825587367
-0.9839840682
-0.9853490592
-0.9866536236
-0.9878976789
-0.9890811463
-0.9902039508
-0.9912660211
-0.9922672896
-0.9932076924
-0.9940871694
-0.9949056642
-0.9956631243
-0.9963595006
-0.9969947481
-0.9975688254
-0.9980816949
-0.9985333227
-0.9989236787
-0.9992527365
-0.9995204735
-0.9997268709
-0.9998719136
-0.9999555903
-0.9999778936
-0.9999388195
-0.9998383681
-0.9996765432
-0.9994533523
-0.9991688067
-0.9988229215
-0.9984157155
-0.9979472113
-0.9974174353
-0.9968264176
-0.9961741921
-0.9954607965
-0.9946862720
-0.9938506638
-0.9929540208
-0.9919963956
-0.9909778446
-0.9898984279
-0.9887582094
-0.9875572567
-0.9862956411
-0.9849734376
-0.9835907250
-0.9821475859
-0.9806441062
-0.9790803759
-0.9774564886
-0.9757725416
-0.9740286358
-0.9722248759
-0.9703613702
-0.9684382307
-0.9664555730
-0.9644135164
-0.9623121838
-0.9601517019
-0.9579322007
-0.9556538141
-0.9533166796
-0.9509209382
-0.9484667346
-0.9459542170
-0.9433835372
-0.9407548506
-0.9380683162
-0.9353240964
-0.9325223573
-0.9296632684
-0.9267470029
-0.9237737372
-0.9207436515
-0.9176569294
-0.9145137580
-0.9113143278
-0.9080588328
-0.9047474704
-0.9013804414
-0.8979579501
-0.8944802041
-0.8909474145
-0.8873597958
-0.8837175656
-0.8800209452
-0.8762701591
-0.8724654351
-0.8686070043
-0.8646951011
-0.8607299632
-0.8567118316
-0.8526409505
-0.8485175674
-0.8443419330
-0.8401143013
-0.8358349292
-0.8315040770
-0.8271220081
-0.8226889891
-0.8182052897
-0.8136711827
-0.8090869440
-0.8044528526
-0.7997691905
-0.7950362428
-0.7902542976
-0.7854236461
-0.7805445822
-0.7756174030
-0.7706424085
-0.7656199017
-0.7605501885
-0.7554335776
-0.7502703807
-0.7450609123
-0.7398054897
-0.7345044331
-0.7291580655
-0.7237667127
-0.7183307030
-0.7128503678
-0.7073260410
-0.7017580593
-0.6961467621
-0.6904924914
-0.6847955918
-0.6790564106
-0.6732752976
-0.6674526053
-0.6615886887
-0.6556839054
-0.6497386152
-0.6437531807
-0.6377279669
-0.6316633412
-0.6255596734
-0.6194173357
-0.6132367027
-0.6070181514
-0.6007620611
-0.5944688134
-0.5881387921
-0.5817723834
-0.5753699757
-0.5689319594
-0.5624587273
-0.5559506743
-0.5494081975
-0.5428316960
-0.5362215711
-0.5295782261
-0.5229020664
-0.5161934993
-0.5094529342
-0.5026807824
-0.4958774573
-0.4890433738
-0.4821789491
-0.4752846021
-0.4683607536
-0.4614078262
-0.4544262442
-0.4474164337
-0.4403788226
-0.4333138404
-0.4262219184
-0.4191034894
-0.4119589881
-0.4047888504
-0.3975935141
-0.3903734184
-0.3831290040
-0.3758607132
-0.3685689897
-0.3612542786
-0.3539170265
-0.3465576813
-0.3391766923
-0.3317745102
-0.3243515870
-0.3169083757
-0.3094453309
-0.3019629082
-0.2944615645
-0.2869417578
-0.2794039472
-0.2718485930
-0.2642761565
-0.2566871001
-0.2490818872
-0.2414609822
-0.2338248505
-0.2261739582
-0.2185087726
-0.2108297618
-0.2031373947
-0.1954321410
-0.1877144713
-0.1799848569
-0.1722437698
-0.1644916827
-0.1567290690
-0.1489564028
-0.1411741589
-0.1333828123
-0.1255828389
-0.1177747151
-0.1099589177
-0.1021359240
-0.0943062118
-0.0864702593
-0.0786285450
-0.0707815478
-0.0629297469
-0.0550736219
-0.0472136527
-0.0393503191
-0.0314841014
-0.0236154800
-0.0157449355
-0.0078729486
