-0.0077939972
-0.0155879945
-0.0233815111
-0.0311740664
-0.0389651796
-0.0467543703
-0.0545411577
-0.0623250617
-0.0701056022
-0.0778822991
-0.0856546727
-0.0934222437
-0.1011845327
-0.1089410610
-0.1166913503
-0.1244349222
-0.1321712992
-0.1399000041
-0.1476205600
-0.1553324907
-0.1630353204
-0.1707285741
-0.1784117770
-0.1860844553
-0.1937461355
-0.2013963450
-0.2090346119
-0.2166604650
-0.2242734338
-0.2318730487
-0.2394588407
-0.2470303420
-0.2545870853
-0.2621286044
-0.2696544342
-0.2771641103
-0.2846571693
-0.2921331490
-0.2995915881
-0.3070320265
-0.3144540050
-0.3218570657
-0.3292407518
-0.3366046079
-0.3439481794
-0.3512710133
-0.3585726577
-0.3658526619
-0.3731105769
-0.3803459547
-0.3875583487
-0.3947473141
-0.4019124071
-0.4090531855
-0.4161692088
-0.4232600377
-0.4303252346
-0.4373643635
-0.4443769900
-0.4513626811
-0.4583210058
-0.4652515346
-0.4721538396
-0.4790274949
-0.4858720761
-0.4926871609
-0.4994723283
-0.5062271597
-0.5129512379
-0.5196441479
-0.5263054766
-0.5329348126
-0.5395317467
-0.5460958715
-0.5526267818
-0.5591240744
-0.5655873479
-0.5720162034
-0.5784102438
-0.5847690743
-0.5910923023
-0.5973795372
-0.6036303907
-0.6098444768
-0.6160214117
-0.6221608138
-0.6282623040
-0.6343255053
-0.6403500431
-0.6463355453
-0.6522816421
-0.6581879663
-0.6640541529
-0.6698798394
-0.6756646659
-0.6814082749
-0.6871103116
-0.6927704234
-0.6983882606
-0.7039634761
-0.7094957251
-0.7149846659
-0.7204299590
-0.7258312678
-0.7311882584
-0.7365005997
-0.7417679631
-0.7469900230
-0.7521664565
-0.7572969433
-0.7623811664
-0.7674188111
-0.7724095659
-0.7773531222
-0.7822491740
-0.7870974184
-0.7918975554
-0.7966492882
-0.8013523226
-0.8060063676
-0.8106111351
-0.8151663401
-0.8196717007
-0.8241269378
-0.8285317757
-0.8328859415
-0.8371891656
-0.8414411815
-0.8456417258
-0.8497905382
-0.8538873619
-0.8579319429
-0.8619240305
-0.8658633773
-0.8697497392
-0.8735828751
-0.8773625474
-0.8810885218
-0.8847605671
-0.8883784557
-0.8919419630
-0.8954508679
-0.8989049526
-0.9023040028
-0.9056478073
-0.9089361587
-0.9121688526
-0.9153456883
-0.9184664684
-0.9215309989
-0.9245390894
-0.9274905528
-0.9303852056
-0.9332228676
-0.9360033623
-0.9387265166
-0.9413921610
-0.9440001295
-0.9465502597
-0.9490423926
-0.9514763728
-0.9538520486
-0.9561692718
-0.9584278976
-0.9606277852
-0.9627687971
-0.9648507994
-0.9668736620
-0.9688372583
-0.9707414655
-0.9725861641
-0.9743712388
-0.9760965774
-0.9777620717
-0.9793676170
-0.9809131124
-0.9823984607
-0.9838235683
-0.9851883451
-0.9864927053
-0.9877365663
-0.9889198492
-0.9900424792
-0.9911043849
-0.9921054987
-0.9930457568
-0.9939250990
-0.9947434690
-0.9955008141
-0.9961970855
-0.9968322381
-0.9974062304
-0.9979190250
-0.9983705878
-0.9987608888
-0.9990899016
-0.9993576036
-0.9995639760
-0.9997090037
-0.9997926755
-0.9998149837
-0.9997759246
-0.9996754982
-0.9995137083
-0.9992905624
-0.9990060717
-0.9986602515
-0.9982531204
-0.9977847012
-0.9972550201
-0.9966641072
-0.9960119965
-0.9952987256
-0.9945243358
-0.9936888722
-0.9927923837
-0.9918349230
-0.9908165463
-0.9897373139
-0.9885972895
-0.9873965408
-0.9861351390
-0.9848131592
-0.9834306801
-0.9819877842
-0.9804845576
-0.9789210902
-0.9772974756
-0.9756138109
-0.9738701973
-0.9720667392
-0.9702035450
-0.9682807266
-0.9662983998
-0.9642566836
-0.9621557011
-0.9599955787
-0.9577764467
-0.9554984388
-0.9531616926
-0.9507663489
-0.9483125525
-0.9458004515
-0.9432301978
-0.9406019466
-0.9379158570
-0.9351720913
-0.9323708156
-0.9295121994
-0.9265964157
-0.9236236412
-0.9205940558
-0.9175078432
-0.9143651904
-0.9111662879
-0.9079113296
-0.9046005130
-0.9012340388
-0.8978121112
-0.8943349378
-0.8908027297
-0.8872157012
-0.8835740702
-0.8798780577
-0.8761278882
-0.8723237896
-0.8684659928
-0.8645547322
-0.8605902455
-0.8565727736
-0.8525025607
-0.8483798543
-0.8442049050
-0.8399779667
-0.8356992963
-0.8313691542
-0.8269878036
-0.8225555111
-0.8180725463
-0.8135391821
-0.8089556942
-0.8043223616
-0.7996394663
-0.7949072933
-0.7901261306
-0.7852962694
-0.7804180036
-0.7754916303
-0.7705174493
-0.7654957637
-0.7604268792
-0.7553111045
-0.7501487513
-0.7449401340
-0.7396855699
-0.7343853791
-0.7290398845
-0.7236494119
-0.7182142896
-0.7127348488
-0.7072114235
-0.7016443503
-0.6960339685
-0.6903806201
-0.6846846496
-0.6789464042
-0.6731662338
-0.6673444907
-0.6614815298
-0.6555777087
-0.6496333872
-0.6436489278
-0.6376246955
-0.6315610575
-0.6254583837
-0.6193170461
-0.6131374193
-0.6069198803
-0.6006648082
-0.5943725846
-0.5880435932
-0.5816782203
-0.5752768539
-0.5688398847
-0.5623677053
-0.5558607106
-0.5493192974
-0.5427438650
-0.5361348145
-0.5294925491
-0.5228174743
-0.5161099971
-0.5093705271
-0.5025994753
-0.4957972550
-0.4889642813
-0.4821009712
-0.4752077435
-0.4682850189
-0.4613332200
-0.4543527711
-0.4473440981
-0.4403076288
-0.4332437927
-0.4261530211
-0.4190357466
-0.4118924039
-0.4047234288
-0.3975292591
-0.3903103338
-0.3830670937
-0.3757999808
-0.3685094390
-0.3611959131
-0.3538598497
-0.3465016967
-0.3391219032
-0.3317209199
-0.3242991986
-0.3168571925
-0.3093953560
-0.3019141445
-0.2944140149
-0.2868954252
-0.2793588344
-0.2718047026
-0.2642334912
-0.2566456624
-0.2490416796
-0.2414220071
-0.2337871101
-0.2261374548
-0.2184735084
-0.2107957389
-0.2031046151
-0.1954006067
-0.1876841841
-0.1799558185
-0.1722159820
-0.1644651471
-0.1567037872
-0.1489323762
-0.1411513889
-0.1333613002
-0.1255625860
-0.1177557226
-0.1099411866
-0.1021194554
-0.0942910066
-0.0864563184
-0.0786158691
-0.0707701376
-0.0629196031
-0.0550647450
-0.0472060430
-0.0393439772
-0.0314790276
-0.0236116745
-0.0157423984
-0.0078716801
