-0.0124164118
-0.0248328236
-0.0372472747
-0.0496578046
-0.0620624536
-0.0744592628
-0.0868462745
-0.0992215326
-0.1115830828
-0.1239289729
-0.1362572534
-0.1485659773
-0.1608532007
-0.1731169831
-0.1853553877
-0.1975664817
-0.2097483364
-0.2218990280
-0.2340166373
-0.2460992504
-0.2581449589
-0.2701518601
-0.2821180574
-0.2940416605
-0.3059207861
-0.3177535576
-0.3295381057
-0.3412725686
-0.3529550924
-0.3645838313
-0.3761569481
-0.3876726141
-0.3991290097
-0.4105243246
-0.4218567580
-0.4331245190
-0.4443258267
-0.4554589109
-0.4665220118
-0.4775133807
-0.4884312801
-0.4992739841
-0.5100397784
-0.5207269610
-0.5313338420
-0.5418587441
-0.5523000029
-0.5626559671
-0.5729249988
-0.5831054735
-0.5931957810
-0.6031943248
-0.6130995230
-0.6229098083
-0.6326236282
-0.6422394453
-0.6517557376
-0.6611709988
-0.6704837383
-0.6796924815
-0.6887957702
-0.6977921627
-0.7066802340
-0.7154585763
-0.7241257987
-0.7326805278
-0.7411214078
-0.7494471008
-0.7576562869
-0.7657476643
-0.7737199500
-0.7815718794
-0.7893022068
-0.7969097056
-0.8043931684
-0.8117514072
-0.8189832538
-0.8260875596
-0.8330631961
-0.8399090549
-0.8466240479
-0.8532071075
-0.8596571867
-0.8659732597
-0.8721543213
-0.8781993876
-0.8841074959
-0.8898777051
-0.8955090956
-0.9010007695
-0.9063518511
-0.9115614864
-0.9166288436
-0.9215531133
-0.9263335084
-0.9309692643
-0.9354596394
-0.9398039145
-0.9440013935
-0.9480514032
-0.9519532935
-0.9557064375
-0.9593102315
-0.9627640956
-0.9660674730
-0.9692198306
-0.9722206589
-0.9750694722
-0.9777658085
-0.9803092299
-0.9826993223
-0.9849356956
-0.9870179839
-0.9889458453
-0.9907189622
-0.9923370411
-0.9937998131
-0.9951070333
-0.9962584813
-0.9972539611
-0.9980933012
-0.9987763544
-0.9993029980
-0.9996731341
-0.9998866890
-0.9999436136
-0.9998438834
-0.9995874984
-0.9991744830
-0.9986048865
-0.9978787824
-0.9969962688
-0.9959574683
-0.9947625281
-0.9934116197
-0.9919049390
-0.9902427066
-0.9884251672
-0.9864525899
-0.9843252681
-0.9820435194
-0.9796076857
-0.9770181328
-0.9742752510
-0.9713794542
-0.9683311805
-0.9651308918
-0.9617790738
-0.9582762359
-0.9546229114
-0.9508196569
-0.9468670525
-0.9427657018
-0.9385162317
-0.9341192923
-0.9295755567
-0.9248857212
-0.9200505048
-0.9150706493
-0.9099469192
-0.9046801016
-0.8992710058
-0.8937204638
-0.8880293294
-0.8821984785
-0.8762288089
-0.8701212402
-0.8638767135
-0.8574961914
-0.8509806580
-0.8443311183
-0.8375485983
-0.8306341449
-0.8235888257
-0.8164137288
-0.8091099625
-0.8016786555
-0.7941209562
-0.7864380330
-0.7786310738
-0.7707012860
-0.7626498961
-0.7544781500
-0.7461873121
-0.7377786656
-0.7292535122
-0.7206131718
-0.7118589823
-0.7029922994
-0.6940144967
-0.6849269649
-0.6757311120
-0.6664283629
-0.6570201593
-0.6475079593
-0.6378932377
-0.6281774849
-0.6183622074
-0.6084489271
-0.5984391814
-0.5883345228
-0.5781365185
-0.5678467506
-0.5574668154
-0.5469983233
-0.5364428987
-0.5258021795
-0.5150778170
-0.5042714755
-0.4933848325
-0.4824195777
-0.4713774133
-0.4602600535
-0.4490692242
-0.4378066628
-0.4264741182
-0.4150733500
-0.4036061286
-0.3920742348
-0.3804794595
-0.3688236035
-0.3571084770
-0.3453358998
-0.3335077004
-0.3216257162
-0.3096917929
-0.2977077844
-0.2856755524
-0.2735969664
-0.2614739028
-0.2493082451
-0.2371018835
-0.2248567146
-0.2125746411
-0.2002575713
-0.1879074193
-0.1755261041
-0.1631155497
-0.1506776847
-0.1382144419
-0.1257277581
-0.1132195737
-0.1006918328
-0.0881464822
-0.0755854716
-0.0630107531
-0.0504242810
-0.0378280113
-0.0252239019
-0.0126139115
