-0.0304861526
-0.0609723059
-0.0914283705
-0.1218242865
-0.1521300519
-0.1823157519
-0.2123515881
-0.2422079068
-0.2718552283
-0.3012642748
-0.3304059991
-0.3592516126
-0.3877726132
-0.4159408130
-0.4437283650
-0.4711077907
-0.4980520066
-0.5245343499
-0.5505286050
-0.5760090282
-0.6009503730
-0.6253279144
-0.6491174729
-0.6722954378
-0.6948387901
-0.7167251247
-0.7379326722
-0.7584403196
-0.7782276315
-0.7972748690
-0.8155630093
-0.8330737640
-0.8497895966
-0.8656937400
-0.8807702119
-0.8950038311
-0.9083802316
-0.9208858768
-0.9325080725
-0.9432349789
-0.9530556227
-0.9619599073
-0.9699386225
-0.9769834535
-0.9830869891
-0.9882427285
-0.9924450883
-0.9956894069
-0.9979719499
-0.9992899133
-0.9996414262
-0.9990255526
-0.9974422926
-0.9948925820
-0.9913782917
-0.9869022257
-0.9814681182
-0.9750806308
-0.9677453470
-0.9594687673
-0.9502583031
-0.9401222690
-0.9290698752
-0.9171112183
-0.9042572716
-0.8905198747
-0.8759117218
-0.8604463495
-0.8441381237
-0.8270022257
-0.8090546376
-0.7903121267
-0.7707922292
-0.7505132335
-0.7294941625
-0.7077547550
-0.6853154464
-0.6621973496
-0.6384222340
-0.6140125047
-0.5889911807
-0.5633818726
-0.5372087600
-0.5104965677
-0.4832705423
-0.4555564274
-0.4273804388
-0.3987692390
-0.3697499118
-0.3403499355
-0.3105971569
-0.2805197643
-0.2501462595
-0.2195054312
-0.1886263266
-0.1575382235
-0.1262706017
-0.0948531146
-0.0633155610
-0.0316878555
