-0.0154733313
-0.0309466629
-0.0464161769
-0.0618780563
-0.0773284860
-0.0927636536
-0.1081797506
-0.1235729731
-0.1389395228
-0.1542756077
-0.1695774435
-0.1848412542
-0.2000632731
-0.2152397436
-0.2303669204
-0.2454410701
-0.2604584723
-0.2754154206
-0.2903082231
-0.3051332037
-0.3198867029
-0.3345650786
-0.3491647071
-0.3636819839
-0.3781133247
-0.3924551660
-0.4067039665
-0.4208562073
-0.4349083933
-0.4488570537
-0.4626987429
-0.4764300418
-0.4900475579
-0.5035479267
-0.5169278123
-0.5301839082
-0.5433129381
-0.5563116567
-0.5691768507
-0.5819053392
-0.5944939749
-0.6069396446
-0.6192392699
-0.6313898082
-0.6433882533
-0.6552316363
-0.6669170259
-0.6784415295
-0.6898022939
-0.7009965059
-0.7120213927
-0.7228742232
-0.7335523082
-0.7440530013
-0.7543736991
-0.7645118426
-0.7744649171
-0.7842304533
-0.7938060276
-0.8031892628
-0.8123778288
-0.8213694427
-0.8301618703
-0.8387529256
-0.8471404720
-0.8553224224
-0.8632967403
-0.8710614395
-0.8786145853
-0.8859542945
-0.8930787362
-0.8999861320
-0.9066747564
-0.9131429377
-0.9193890576
-0.9254115522
-0.9312089126
-0.9367796844
-0.9421224687
-0.9472359224
-0.9521187584
-0.9567697459
-0.9611877108
-0.9653715357
-0.9693201607
-0.9730325831
-0.9765078582
-0.9797450988
-0.9827434762
-0.9855022200
-0.9880206182
-0.9902980176
-0.9923338238
-0.9941275016
-0.9956785748
-0.9969866264
-0.9980512991
-0.9988722946
-0.9994493744
-0.9997823596
-0.9998711309
-0.9997156285
-0.9993158525
-0.9986718625
-0.9977837778
-0.9966517775
-0.9952760999
-0.9936570433
-0.9917949651
-0.9896902821
-0.9873434706
-0.9847550658
-0.9819256622
-0.9788559128
-0.9755465296
-0.9719982830
-0.9682120018
-0.9641885731
-0.9599289416
-0.9554341099
-0.9507051381
-0.9457431434
-0.9405493000
-0.9351248386
-0.9294710463
-0.9235892663
-0.9174808975
-0.9111473940
-0.9045902650
-0.8978110743
-0.8908114400
-0.8835930342
-0.8761575820
-0.8685068620
-0.8606427050
-0.8525669942
-0.8442816644
-0.8357887015
-0.8270901424
-0.8181880738
-0.8090846326
-0.7997820045
-0.7902824241
-0.7805881739
-0.7707015841
-0.7606250319
-0.7503609410
-0.7399117806
-0.7292800653
-0.7184683544
-0.7074792509
-0.6963154014
-0.6849794951
-0.6734742632
-0.6618024782
-0.6499669534
-0.6379705421
-0.6258161369
-0.6135066690
-0.6010451073
-0.5884344580
-0.5756777638
-0.5627781029
-0.5497385886
-0.5365623682
-0.5232526227
-0.5098125652
-0.4962454411
-0.4825545267
-0.4687431284
-0.4548145822
-0.4407722527
-0.4266195321
-0.4123598398
-0.3979966212
-0.3835333471
-0.3689735127
-0.3543206368
-0.3395782608
-0.3247499481
-0.3098392831
-0.2948498703
-0.2797853333
-0.2646493142
-0.2494454726
-0.2341774845
-0.2188490418
-0.2034638510
-0.1880256325
-0.1725381195
-0.1570050576
-0.1414302032
-0.1258173230
-0.1101701931
-0.0944925978
-0.0787883289
-0.0630611849
-0.0473149697
-0.0315534918
-0.0157805635
