-0.0591652904
-0.1183305821
-0.1772622802
-0.2357276760
-0.2934958296
-0.3503384461
-0.4060307414
-0.4603522947
-0.5130878852
-0.5640283081
-0.6129711684
-0.6597216483
-0.7040932467
-0.7459084862
-0.7849995867
-0.8212091017
-0.8543905154
-0.8844087986
-0.9111409211
-0.9344763182
-0.9543173101
-0.9705794724
-0.9831919566
-0.9920977585
-0.9972539348
-0.9986317657
-0.9962168638
-0.9900092292
-0.9800232488
-0.9662876424
-0.9488453530
-0.9277533848
-0.9030825859
-0.8749173806
-0.8433554485
-0.8085073543
-0.7704961280
-0.7294567985
-0.6855358816
-0.6388908237
-0.5896894048
-0.5381091021
-0.4843364167
-0.4285661662
-0.3710007458
-0.3118493600
-0.2513272298
-0.1896547757
-0.1270567819
-0.0637615433
