-0.0124156052
-0.0248312106
-0.0372448558
-0.0496545803
-0.0620584244
-0.0744544295
-0.0868406380
-0.0992150939
-0.1115758431
-0.1239209335
-0.1362484156
-0.1485563426
-0.1608427707
-0.1731057596
-0.1853433726
-0.1975536769
-0.2097347442
-0.2218846506
-0.2340014770
-0.2460833098
-0.2581282405
-0.2701343667
-0.2820997918
-0.2940226259
-0.3059009854
-0.3177329941
-0.3295167827
-0.3412504895
-0.3529322609
-0.3645602511
-0.3761326229
-0.3876475479
-0.3991032065
-0.4104977886
-0.4218294934
-0.4330965302
-0.4442971184
-0.4554294875
-0.4664918781
-0.4774825414
-0.4883997403
-0.4992417487
-0.5100068528
-0.5206933503
-0.5312995516
-0.5418237794
-0.5522643695
-0.5626196708
-0.5728880453
-0.5830678688
-0.5931575310
-0.6031554356
-0.6130600007
-0.6228696593
-0.6325828589
-0.6421980621
-0.6517137472
-0.6611284078
-0.6704405535
-0.6796487097
-0.6887514184
-0.6977472379
-0.7066347434
-0.7154125271
-0.7240791981
-0.7326333833
-0.7410737268
-0.7493988908
-0.7576075556
-0.7656984195
-0.7736701994
-0.7815216309
-0.7892514683
-0.7968584852
-0.8043414741
-0.8116992473
-0.8189306365
-0.8260344932
-0.8330096890
-0.8398551155
-0.8465696847
-0.8531523291
-0.8596020019
-0.8659176770
-0.8720983496
-0.8781430356
-0.8840507726
-0.8898206194
-0.8954516565
-0.9009429861
-0.9062937325
-0.9115030417
-0.9165700820
-0.9214940441
-0.9262741409
-0.9309096079
-0.9353997034
-0.9397437084
-0.9439409267
-0.9479906852
-0.9518923339
-0.9556452459
-0.9592488175
-0.9627024689
-0.9660056432
-0.9691578075
-0.9721584522
-0.9750070916
-0.9777032640
-0.9802465312
-0.9826364792
-0.9848727180
-0.9869548817
-0.9888826284
-0.9906556406
-0.9922736247
-0.9937363118
-0.9950434571
-0.9961948401
-0.9971902649
-0.9980295600
-0.9987125782
-0.9992391969
-0.9996093180
-0.9998228679
-0.9998797975
-0.9997800822
-0.9995237222
-0.9991107419
-0.9985411903
-0.9978151411
-0.9969326924
-0.9958939667
-0.9946991113
-0.9933482975
-0.9918417215
-0.9901796036
-0.9883621885
-0.9863897454
-0.9842625676
-0.9819809727
-0.9795453026
-0.9769559231
-0.9742132243
-0.9713176203
-0.9682695490
-0.9650694723
-0.9617178759
-0.9582152692
-0.9545621854
-0.9507591810
-0.9468068362
-0.9427057544
-0.9384565627
-0.9340599109
-0.9295164722
-0.9248269428
-0.9199920417
-0.9150125105
-0.9098891138
-0.9046226386
-0.8992138943
-0.8936637125
-0.8879729472
-0.8821424742
-0.8761731912
-0.8700660177
-0.8638218948
-0.8574417851
-0.8509266725
-0.8442775620
-0.8374954795
-0.8305814719
-0.8235366066
-0.8163619718
-0.8090586757
-0.8016278467
-0.7940706333
-0.7863882039
-0.7785817461
-0.7706524675
-0.7626015943
-0.7544303724
-0.7461400661
-0.7377319585
-0.7292073512
-0.7205675640
-0.7118139349
-0.7029478194
-0.6939705908
-0.6848836400
-0.6756883747
-0.6663862199
-0.6569786171
-0.6474670244
-0.6378529162
-0.6281377832
-0.6183231315
-0.6084104831
-0.5984013752
-0.5882973602
-0.5781000053
-0.5678108923
-0.5574316176
-0.5469637914
-0.5364090379
-0.5257689951
-0.5150453141
-0.5042396591
-0.4933537075
-0.4823891488
-0.4713476851
-0.4602310306
-0.4490409111
-0.4377790638
-0.4264472375
-0.4150471917
-0.4035806966
-0.3920495331
-0.3804554917
-0.3688003734
-0.3570859881
-0.3453141555
-0.3334867039
-0.3216054707
-0.3096723015
-0.2976890500
-0.2856575779
-0.2735797544
-0.2614574559
-0.2492925658
-0.2370869740
-0.2248425772
-0.2125612779
-0.2002449844
-0.1878956104
-0.1755150750
-0.1631053019
-0.1506682197
-0.1382057611
-0.1257198628
-0.1132124650
-0.1006855116
-0.0881409494
-0.0755807280
-0.0630067992
-0.0504211174
-0.0378256384
-0.0252223199
-0.0126131205
