-0.0069334752
-0.0138669504
-0.0208000879
-0.0277325497
-0.0346639980
-0.0415940948
-0.0485225025
-0.0554488833
-0.0623728996
-0.0692942140
-0.0762124892
-0.0831273880
-0.0900385732
-0.0969457081
-0.1038484561
-0.1107464807
-0.1176394457
-0.1245270150
-0.1314088531
-0.1382846244
-0.1451539940
-0.1520166268
-0.1588721885
-0.1657203448
-0.1725607621
-0.1793931069
-0.1862170462
-0.1930322473
-0.1998383780
-0.2066351066
-0.2134221019
-0.2201990330
-0.2269655695
-0.2337213818
-0.2404661403
-0.2471995164
-0.2539211818
-0.2606308088
-0.2673280705
-0.2740126402
-0.2806841923
-0.2873424014
-0.2939869430
-0.3006174931
-0.3072337285
-0.3138353267
-0.3204219659
-0.3269933250
-0.3335490837
-0.3400889223
-0.3466125220
-0.3531195647
-0.3596097333
-0.3660827112
-0.3725381830
-0.3789758340
-0.3853953501
-0.3917964184
-0.3981787269
-0.4045419643
-0.4108858202
-0.4172099855
-0.4235141518
-0.4297980117
-0.4360612587
-0.4423035876
-0.4485246938
-0.4547242740
-0.4609020259
-0.4670576482
-0.4731908407
-0.4793013043
-0.4853887412
-0.4914528543
-0.4974933479
-0.5035099274
-0.5095022995
-0.5154701718
-0.5214132533
-0.5273312540
-0.5332238853
-0.5390908598
-0.5449318913
-0.5507466949
-0.5565349869
-0.5622964849
-0.5680309079
-0.5737379762
-0.5794174113
-0.5850689363
-0.5906922752
-0.5962871539
-0.6018532992
-0.6073904396
-0.6128983050
-0.6183766266
-0.6238251371
-0.6292435706
-0.6346316627
-0.6399891504
-0.6453157723
-0.6506112685
-0.6558753804
-0.6611078512
-0.6663084254
-0.6714768492
-0.6766128702
-0.6817162378
-0.6867867029
-0.6918240180
-0.6968279370
-0.7017982158
-0.7067346116
-0.7116368835
-0.7165047920
-0.7213380994
-0.7261365697
-0.7308999686
-0.7356280634
-0.7403206233
-0.7449774190
-0.7495982230
-0.7541828096
-0.7587309550
-0.7632424369
-0.7677170349
-0.7721545303
-0.7765547064
-0.7809173482
-0.7852422425
-0.7895291779
-0.7937779448
-0.7979883357
-0.8021601447
-0.8062931679
-0.8103872033
-0.8144420506
-0.8184575118
-0.8224333904
-0.8263694920
-0.8302656241
-0.8341215962
-0.8379372198
-0.8417123080
-0.8454466764
-0.8491401421
-0.8527925244
-0.8564036446
-0.8599733261
-0.8635013940
-0.8669876757
-0.8704320006
-0.8738341999
-0.8771941071
-0.8805115576
-0.8837863891
-0.8870184410
-0.8902075551
-0.8933535752
-0.8964563471
-0.8995157187
-0.9025315401
-0.9055036635
-0.9084319430
-0.9113162352
-0.9141563986
-0.9169522938
-0.9197037838
-0.9224107336
-0.9250730102
-0.9276904830
-0.9302630234
-0.9327905052
-0.9352728041
-0.9377097984
-0.9401013682
-0.9424473959
-0.9447477663
-0.9470023661
-0.9492110846
-0.9513738131
-0.9534904449
-0.9555608761
-0.9575850045
-0.9595627306
-0.9614939568
-0.9633785880
-0.9652165311
-0.9670076955
-0.9687519928
-0.9704493369
-0.9720996440
-0.9737028324
-0.9752588229
-0.9767675385
-0.9782289043
-0.9796428481
-0.9810092997
-0.9823281913
-0.9835994575
-0.9848230351
-0.9859988631
-0.9871268830
-0.9882070386
-0.9892392760
-0.9902235436
-0.9911597921
-0.9920479746
-0.9928880466
-0.9936799658
-0.9944236922
-0.9951191882
-0.9957664186
-0.9963653505
-0.9969159533
-0.9974181987
-0.9978720610
-0.9982775165
-0.9986345441
-0.9989431250
-0.9992032427
-0.9994148831
-0.9995780344
-0.9996926872
-0.9997588345
-0.9997764716
-0.9997455961
-0.9996662080
-0.9995383096
-0.9993619058
-0.9991370035
-0.9988636121
-0.9985417433
-0.9981714113
-0.9977526326
-0.9972854260
-0.9967698126
-0.9962058160
-0.9955934621
-0.9949327790
-0.9942237973
-0.9934665500
-0.9926610722
-0.9918074017
-0.9909055783
-0.9899556443
-0.9889576443
-0.9879116252
-0.9868176362
-0.9856757289
-0.9844859573
-0.9832483775
-0.9819630481
-0.9806300301
-0.9792493865
-0.9778211828
-0.9763454870
-0.9748223689
-0.9732519011
-0.9716341583
-0.9699692175
-0.9682571579
-0.9664980612
-0.9646920113
-0.9628390941
-0.9609393981
-0.9589930141
-0.9570000348
-0.9549605556
-0.9528746739
-0.9507424895
-0.9485641041
-0.9463396222
-0.9440691500
-0.9417527964
-0.9393906721
-0.9369828903
-0.9345295665
-0.9320308180
-0.9294867646
-0.9268975284
-0.9242632333
-0.9215840058
-0.9188599743
-0.9160912695
-0.9132780244
-0.9104203738
-0.9075184551
-0.9045724073
-0.9015823720
-0.8985484928
-0.8954709154
-0.8923497876
-0.8891852594
-0.8859774828
-0.8827266120
-0.8794328033
-0.8760962149
-0.8727170073
-0.8692953428
-0.8658313860
-0.8623253035
-0.8587772640
-0.8551874381
-0.8515559985
-0.8478831200
-0.8441689792
-0.8404137548
-0.8366176276
-0.8327807803
-0.8289033975
-0.8249856660
-0.8210277742
-0.8170299128
-0.8129922742
-0.8089150529
-0.8047984451
-0.8006426492
-0.7964478652
-0.7922142951
-0.7879421431
-0.7836316147
-0.7792829177
-0.7748962616
-0.7704718578
-0.7660099194
-0.7615106615
-0.7569743008
-0.7524010561
-0.7477911475
-0.7431447975
-0.7384622299
-0.7337436705
-0.7289893466
-0.7241994875
-0.7193743241
-0.7145140891
-0.7096190167
-0.7046893431
-0.6997253058
-0.6947271444
-0.6896950997
-0.6846294145
-0.6795303331
-0.6743981013
-0.6692329669
-0.6640351787
-0.6588049877
-0.6535426459
-0.6482484072
-0.6429225272
-0.6375652627
-0.6321768722
-0.6267576156
-0.6213077544
-0.6158275515
-0.6103172715
-0.6047771800
-0.5992075444
-0.5936086336
-0.5879807177
-0.5823240681
-0.5766389579
-0.5709256616
-0.5651844547
-0.5594156144
-0.5536194191
-0.5477961486
-0.5419460838
-0.5360695072
-0.5301667024
-0.5242379542
-0.5182835490
-0.5123037741
-0.5062989183
-0.5002692713
-0.4942151242
-0.4881367694
-0.4820345002
-0.4759086113
-0.4697593983
-0.4635871583
-0.4573921891
-0.4511747899
-0.4449352608
-0.4386739031
-0.4323910190
-0.4260869121
-0.4197618867
-0.4134162481
-0.4070503029
-0.4006643584
-0.3942587229
-0.3878337058
-0.3813896172
-0.3749267685
-0.3684454717
-0.3619460398
-0.3554287868
-0.3488940273
-0.3423420769
-0.3357732520
-0.3291878699
-0.3225862486
-0.3159687070
-0.3093355646
-0.3026871418
-0.2960237598
-0.2893457402
-0.2826534056
-0.2759470793
-0.2692270851
-0.2624937478
-0.2557473923
-0.2489883448
-0.2422169316
-0.2354334796
-0.2286383168
-0.2218317712
-0.2150141715
-0.2081858473
-0.2013471283
-0.1944983447
-0.1876398276
-0.1807719080
-0.1738949178
-0.1670091891
-0.1601150546
-0.1532128473
-0.1463029007
-0.1393855484
-0.1324611247
-0.1255299640
-0.1185924012
-0.1116487714
-0.1046994100
-0.0977446527
-0.0907848355
-0.0838202946
-0.0768513665
-0.0698783878
-0.0629016953
-0.0559216261
-0.0489385173
-0.0419527064
-0.0349645307
-0.0279743279
-0.0209824356
-0.0139891916
-0.0069949338
