-0.0088993493
-0.0177986985
-0.0266973298
-0.0355945267
-0.0444895716
-0.0533817484
-0.0622703412
-0.0711546348
-0.0800339143
-0.0889074634
-0.0977745663
-0.1066345079
-0.1154865746
-0.1243300537
-0.1331642330
-0.1419884004
-0.1508018453
-0.1596038564
-0.1683937255
-0.1771707437
-0.1859342044
-0.1946834005
-0.2034176276
-0.2121361812
-0.2208383594
-0.2295234619
-0.2381907881
-0.2468396402
-0.2554693203
-0.2640791343
-0.2726683872
-0.2812363875
-0.2897824445
-0.2983058694
-0.3068059761
-0.3152820788
-0.3237334944
-0.3321595410
-0.3405595397
-0.3489328139
-0.3572786894
-0.3655964943
-0.3738855572
-0.3821452101
-0.3903747856
-0.3985736207
-0.4067410546
-0.4148764301
-0.4229790910
-0.4310483847
-0.4390836605
-0.4470842708
-0.4550495707
-0.4629789181
-0.4708716735
-0.4787271996
-0.4865448632
-0.4943240331
-0.5020640828
-0.5097643881
-0.5174243285
-0.5250432862
-0.5326206473
-0.5401558008
-0.5476481385
-0.5550970568
-0.5625019537
-0.5698622322
-0.5771772980
-0.5844465616
-0.5916694367
-0.5988453403
-0.6059736944
-0.6130539227
-0.6200854543
-0.6270677216
-0.6340001616
-0.6408822151
-0.6477133268
-0.6544929452
-0.6612205225
-0.6678955150
-0.6745173839
-0.6810855954
-0.6875996201
-0.6940589330
-0.7004630113
-0.7068113379
-0.7131033991
-0.7193386869
-0.7255166979
-0.7316369336
-0.7376988997
-0.7437021068
-0.7496460702
-0.7555303096
-0.7613543492
-0.7671177177
-0.7728199493
-0.7784605824
-0.7840391618
-0.7895552365
-0.7950083610
-0.8003980947
-0.8057240008
-0.8109856491
-0.8161826129
-0.8213144723
-0.8263808117
-0.8313812223
-0.8363152990
-0.8411826429
-0.8459828598
-0.8507155619
-0.8553803661
-0.8599768942
-0.8645047739
-0.8689636376
-0.8733531245
-0.8776728785
-0.8819225500
-0.8861017937
-0.8902102704
-0.8942476467
-0.8982135951
-0.9021077944
-0.9059299283
-0.9096796869
-0.9133567664
-0.9169608684
-0.9204917000
-0.9239489743
-0.9273324090
-0.9306417289
-0.9338766648
-0.9370369543
-0.9401223403
-0.9431325713
-0.9460674023
-0.9489265934
-0.9517099123
-0.9544171318
-0.9570480311
-0.9596023946
-0.9620800130
-0.9644806833
-0.9668042091
-0.9690504013
-0.9712190765
-0.9733100570
-0.9753231708
-0.9772582522
-0.9791151418
-0.9808936867
-0.9825937406
-0.9842151632
-0.9857578210
-0.9872215869
-0.9886063390
-0.9899119625
-0.9911383481
-0.9922853934
-0.9933530018
-0.9943410845
-0.9952495584
-0.9960783467
-0.9968273792
-0.9974965908
-0.9980859240
-0.9985953272
-0.9990247567
-0.9993741739
-0.9996435470
-0.9998328498
-0.9999420630
-0.9999711729
-0.9999201730
-0.9997890643
-0.9995778531
-0.9992865530
-0.9989151827
-0.9984637682
-0.9979323402
-0.9973209378
-0.9966296055
-0.9958583957
-0.9950073656
-0.9940765794
-0.9930661073
-0.9919760255
-0.9908064179
-0.9895573740
-0.9882289906
-0.9868213697
-0.9853346204
-0.9837688573
-0.9821242014
-0.9804007801
-0.9785987272
-0.9767181832
-0.9747592948
-0.9727222153
-0.9706071042
-0.9684141266
-0.9661434535
-0.9637952618
-0.9613697353
-0.9588670648
-0.9562874471
-0.9536310858
-0.9508981892
-0.9480889725
-0.9452036556
-0.9422424663
-0.9392056377
-0.9360934090
-0.9329060255
-0.9296437376
-0.9263068024
-0.9228954833
-0.9194100506
-0.9158507795
-0.9122179512
-0.9085118523
-0.9047327751
-0.9008810176
-0.8969568848
-0.8929606862
-0.8888927380
-0.8847533621
-0.8805428862
-0.8762616444
-0.8719099750
-0.8674882230
-0.8629967380
-0.8584358764
-0.8538059997
-0.8491074749
-0.8443406743
-0.8395059750
-0.8346037602
-0.8296344182
-0.8245983433
-0.8194959338
-0.8143275948
-0.8090937357
-0.8037947727
-0.7984311259
-0.7930032216
-0.7875114904
-0.7819563675
-0.7763382939
-0.7706577150
-0.7649150823
-0.7591108518
-0.7532454852
-0.7473194485
-0.7413332122
-0.7352872517
-0.7291820468
-0.7230180827
-0.7167958484
-0.7105158381
-0.7041785508
-0.6977844908
-0.6913341665
-0.6848280918
-0.6782667827
-0.6716507601
-0.6649805492
-0.6582566801
-0.6514796880
-0.6446501125
-0.6377684966
-0.6308353874
-0.6238513361
-0.6168168976
-0.6097326316
-0.6025991013
-0.5954168748
-0.5881865231
-0.5809086210
-0.5735837475
-0.5662124848
-0.5587954200
-0.5513331428
-0.5438262479
-0.5362753323
-0.5286809971
-0.5210438464
-0.5133644876
-0.5056435317
-0.4978815928
-0.4900792885
-0.4822372392
-0.4743560697
-0.4664364073
-0.4584788830
-0.4504841305
-0.4424527862
-0.4343854892
-0.4262828814
-0.4181456081
-0.4099743166
-0.4017696576
-0.3935322834
-0.3852628495
-0.3769620140
-0.3686304394
-0.3602687887
-0.3518777290
-0.3434579275
-0.3350100541
-0.3265347809
-0.3180327825
-0.3095047369
-0.3009513230
-0.2923732228
-0.2837711186
-0.2751456956
-0.2664976408
-0.2578276422
-0.2491363913
-0.2404245794
-0.2316929011
-0.2229420511
-0.2141727272
-0.2053856267
-0.1965814491
-0.1877608961
-0.1789246697
-0.1700734748
-0.1612080156
-0.1523289991
-0.1434371314
-0.1345331217
-0.1256176791
-0.1166915139
-0.1077553368
-0.0988098589
-0.0898557927
-0.0808938522
-0.0719247518
-0.0629492070
-0.0539679317
-0.0449816405
-0.0359910487
-0.0269968717
-0.0179998270
-0.0090006306
