-0.0077952817
-0.0155905636
-0.0233853645
-0.0311792037
-0.0389716006
-0.0467620740
-0.0545501431
-0.0623353275
-0.0701171472
-0.0778951224
-0.0856687742
-0.0934376230
-0.1012011903
-0.1089589964
-0.1167105631
-0.1244554111
-0.1321930623
-0.1399230387
-0.1476448644
-0.1553580630
-0.1630621588
-0.1707566768
-0.1784411424
-0.1861150817
-0.1937780208
-0.2014294875
-0.2090690085
-0.2166961132
-0.2243103306
-0.2319111916
-0.2394982270
-0.2470709701
-0.2546289533
-0.2621717106
-0.2696987763
-0.2772096854
-0.2847039748
-0.2921811814
-0.2996408443
-0.3070825030
-0.3145056992
-0.3219099738
-0.3292948708
-0.3366599338
-0.3440047094
-0.3513287443
-0.3586315872
-0.3659127862
-0.3731718921
-0.3804084558
-0.3876220307
-0.3948121716
-0.4019784354
-0.4091203805
-0.4162375668
-0.4233295555
-0.4303959087
-0.4374361904
-0.4444499655
-0.4514368011
-0.4583962648
-0.4653279272
-0.4722313606
-0.4791061398
-0.4859518413
-0.4927680422
-0.4995543214
-0.5063102590
-0.5130354376
-0.5197294417
-0.5263918580
-0.5330222757
-0.5396202866
-0.5461854836
-0.5527174610
-0.5592158149
-0.5656801433
-0.5721100468
-0.5785051290
-0.5848649948
-0.5911892517
-0.5974775091
-0.6037293790
-0.6099444757
-0.6161224163
-0.6222628193
-0.6283653043
-0.6344294944
-0.6404550139
-0.6464414909
-0.6523885562
-0.6582958426
-0.6641629843
-0.6699896192
-0.6757753874
-0.6815199311
-0.6872228961
-0.6928839297
-0.6985026815
-0.7040788037
-0.7096119522
-0.7151017845
-0.7205479627
-0.7259501495
-0.7313080106
-0.7366212138
-0.7418894314
-0.7471123376
-0.7522896103
-0.7574209292
-0.7625059770
-0.7675444396
-0.7725360057
-0.7774803664
-0.7823772147
-0.7872262465
-0.7920271622
-0.7967796646
-0.8014834609
-0.8061382594
-0.8107437730
-0.8152997162
-0.8198058075
-0.8242617678
-0.8286673205
-0.8330221929
-0.8373261142
-0.8415788190
-0.8457800429
-0.8499295270
-0.8540270131
-0.8580722486
-0.8620649817
-0.8660049661
-0.8698919566
-0.8737257121
-0.8775059942
-0.8812325694
-0.8849052067
-0.8885236788
-0.8920877604
-0.8955972310
-0.8990518714
-0.9024514684
-0.9057958094
-0.9090846880
-0.9123179001
-0.9154952457
-0.9186165274
-0.9216815511
-0.9246901257
-0.9276420645
-0.9305371841
-0.9333753036
-0.9361562458
-0.9388798375
-0.9415459087
-0.9441542941
-0.9467048314
-0.9491973618
-0.9516317303
-0.9540077854
-0.9563253786
-0.9585843652
-0.9607846039
-0.9629259565
-0.9650082904
-0.9670314751
-0.9689953846
-0.9708998953
-0.9727448879
-0.9745302464
-0.9762558590
-0.9779216171
-0.9795274159
-0.9810731548
-0.9825587370
-0.9839840691
-0.9853490605
-0.9866536246
-0.9878976793
-0.9890811458
-0.9902039499
-0.9912660204
-0.9922672891
-0.9932076915
-0.9940871679
-0.9949056618
-0.9956631216
-0.9963594980
-0.9969947457
-0.9975688221
-0.9980816905
-0.9985333174
-0.9989236733
-0.9992527311
-0.9995204680
-0.9997268654
-0.9998719087
-0.9999555859
-0.9999778891
-0.9999388145
-0.9998383626
-0.9996765376
-0.9994533468
-0.9991688013
-0.9988229162
-0.9984157111
-0.9979472081
-0.9974174329
-0.9968264151
-0.9961741895
-0.9954607940
-0.9946862704
-0.9938506628
-0.9929540203
-0.9919963949
-0.9909778437
-0.9898984274
-0.9887582098
-0.9875572578
-0.9862956424
-0.9849734386
-0.9835907254
-0.9821475861
-0.9806441066
-0.9790803763
-0.9774564886
-0.9757725407
-0.9740286338
-0.9722248728
-0.9703613659
-0.9684382253
-0.9664555673
-0.9644135106
-0.9623121784
-0.9601516961
-0.9579321947
-0.9556538080
-0.9533166739
-0.9509209334
-0.9484667310
-0.9459542145
-0.9433835355
-0.9407548493
-0.9380683141
-0.9353240929
-0.9325223517
-0.9296632607
-0.9267469939
-0.9237737274
-0.9207436413
-0.9176569195
-0.9145137493
-0.9113143212
-0.9080588284
-0.9047474681
-0.9013804400
-0.8979579496
-0.8944802037
-0.8909474145
-0.8873597958
-0.8837175663
-0.8800209464
-0.8762701608
-0.8724654364
-0.8686070048
-0.8646951006
-0.8607299625
-0.8567118304
-0.8526409493
-0.8485175658
-0.8443419314
-0.8401142988
-0.8358349261
-0.8315040724
-0.8271220019
-0.8226889815
-0.8182052813
-0.8136711744
-0.8090869360
-0.8044528456
-0.7997691842
-0.7950362375
-0.7902542923
-0.7854236399
-0.7805445740
-0.7756173928
-0.7706423972
-0.7656198904
-0.7605501782
-0.7554335686
-0.7502703735
-0.7450609072
-0.7398054865
-0.7345044314
-0.7291580642
-0.7237667115
-0.7183307022
-0.7128503682
-0.7073260419
-0.7017580606
-0.6961467630
-0.6904924917
-0.6847955919
-0.6790564112
-0.6732752984
-0.6674526063
-0.6615886901
-0.6556839066
-0.6497386167
-0.6437531827
-0.6377279691
-0.6316633428
-0.6255596748
-0.6194173372
-0.6132367057
-0.6070181572
-0.6007620701
-0.5944688256
-0.5881388069
-0.5817724006
-0.5753699945
-0.5689319795
-0.5624587476
-0.5559506940
-0.5494082166
-0.5428317149
-0.5362215907
-0.5295782468
-0.5229020877
-0.5161935202
-0.5094529535
-0.5026807994
-0.4958774715
-0.4890433859
-0.4821789600
-0.4752846131
-0.4683607649
-0.4614078375
-0.4544262547
-0.4474164427
-0.4403788303
-0.4333138471
-0.4262219252
-0.4191034970
-0.4119589974
-0.4047888621
-0.3975935283
-0.3903734343
-0.3831290203
-0.3758607287
-0.3685690032
-0.3612542901
-0.3539170359
-0.3465576898
-0.3391767003
-0.3317745183
-0.3243515946
-0.3169083832
-0.3094453378
-0.3019629149
-0.2944615706
-0.2869417634
-0.2794039517
-0.2718485966
-0.2642761591
-0.2566871023
-0.2490818898
-0.2414609858
-0.2338248560
-0.2261739653
-0.2185087813
-0.2108297713
-0.2031374046
-0.1954321505
-0.1877144806
-0.1799848659
-0.1722437787
-0.1644916915
-0.1567290779
-0.1489564115
-0.1411741670
-0.1333828196
-0.1255828442
-0.1177747180
-0.1099589178
-0.1021359224
-0.0943062090
-0.0864702568
-0.0786285433
-0.0707815478
-0.0629297483
-0.0550736243
-0.0472136554
-0.0393503216
-0.0314841033
-0.0236154815
-0.0157449365
-0.0078729490
