-0.0591654595
-0.1183309189
-0.1772627826
-0.2357283416
-0.2934966553
-0.3503394282
-0.4060318755
-0.4603535760
-0.5130893084
-0.5640298672
-0.6129728569
-0.6597234593
-0.7040951728
-0.7459105198
-0.7850017198
-0.8212113258
-0.8543928217
-0.8844111781
-0.9111433645
-0.9344788159
-0.9543198523
-0.9705820493
-0.9831945584
-0.9921003752
-0.9972565566
-0.9986343825
-0.9962194657
-0.9900118064
-0.9800257918
-0.9662901415
-0.9488477991
-0.9277557685
-0.9030848985
-0.8749196136
-0.8433575938
-0.8085094040
-0.7704980747
-0.7294586354
-0.6855376022
-0.6388924218
-0.5896908748
-0.5381104389
-0.4843376157
-0.4285672234
-0.3710016577
-0.3118501238
-0.2513278431
-0.1896552369
-0.1270570899
-0.0637616974
