-0.0205289423
-0.0410578847
-0.0615778219
-0.0820797529
-0.1025546844
-0.1229936347
-0.1433876373
-0.1637277458
-0.1840050366
-0.2042106139
-0.2243356123
-0.2443712019
-0.2643085908
-0.2841390304
-0.3038538174
-0.3234442996
-0.3429018781
-0.3622180116
-0.3813842195
-0.4003920869
-0.4192332670
-0.4378994857
-0.4563825439
-0.4746743220
-0.4927667832
-0.5106519770
-0.5283220428
-0.5457692127
-0.5629858158
-0.5799642808
-0.5966971395
-0.6131770298
-0.6293966991
-0.6453490072
-0.6610269303
-0.6764235634
-0.6915321230
-0.7063459500
-0.7208585130
-0.7350634110
-0.7489543765
-0.7625252774
-0.7757701204
-0.7886830530
-0.8012583670
-0.8134905000
-0.8253740382
-0.8369037186
-0.8480744312
-0.8588812214
-0.8693192924
-0.8793840070
-0.8890708896
-0.8983756280
-0.9072940753
-0.9158222518
-0.9239563471
-0.9316927212
-0.9390279063
-0.9459586077
-0.9524817065
-0.9585942596
-0.9642935022
-0.9695768484
-0.9744418919
-0.9788864074
-0.9829083522
-0.9865058659
-0.9896772722
-0.9924210793
-0.9947359799
-0.9966208529
-0.9980747634
-0.9990969628
-0.9996868894
-0.9998441681
-0.9995686116
-0.9988602203
-0.9977191815
-0.9961458700
-0.9941408471
-0.9917048614
-0.9888388482
-0.9855439288
-0.9818214099
-0.9776727836
-0.9730997261
-0.9681040979
-0.9626879421
-0.9568534834
-0.9506031279
-0.9439394619
-0.9368652504
-0.9293834365
-0.9214971392
-0.9132096526
-0.9045244446
-0.8954451553
-0.8859755955
-0.8761197447
-0.8658817498
-0.8552659226
-0.8442767387
-0.8329188356
-0.8211970105
-0.8091162179
-0.7966815674
-0.7838983220
-0.7707718953
-0.7573078498
-0.7435118944
-0.7293898811
-0.7149478033
-0.7001917927
-0.6851281173
-0.6697631781
-0.6541035065
-0.6381557609
-0.6219267247
-0.6054233034
-0.5886525215
-0.5716215188
-0.5543375479
-0.5368079704
-0.5190402547
-0.5010419720
-0.4828207935
-0.4643844869
-0.4457409131
-0.4268980226
-0.4078638523
-0.3886465212
-0.3692542284
-0.3496952482
-0.3299779277
-0.3101106819
-0.2901019911
-0.2699603962
-0.2496944965
-0.2293129444
-0.2088244429
-0.1882377408
-0.1675616297
-0.1468049398
-0.1259765362
-0.1050853150
-0.0841401997
-0.0631501371
-0.0421240933
-0.0210710498
