-0.0069349168
-0.0138698341
-0.0208044141
-0.0277383193
-0.0346712120
-0.0416027534
-0.0485326053
-0.0554604292
-0.0623858885
-0.0693086449
-0.0762283615
-0.0831447004
-0.0900573247
-0.0969658964
-0.1038700790
-0.1107695360
-0.1176639314
-0.1245529295
-0.1314361953
-0.1383133932
-0.1451841878
-0.1520482444
-0.1589052289
-0.1657548068
-0.1725966445
-0.1794304078
-0.1862557631
-0.1930723778
-0.1998799206
-0.2066780604
-0.2134664650
-0.2202448031
-0.2270127434
-0.2337699562
-0.2405161117
-0.2472508827
-0.2539739410
-0.2606849598
-0.2673836115
-0.2740695694
-0.2807425065
-0.2874020979
-0.2940480188
-0.3006799461
-0.3072975555
-0.3139005246
-0.3204885307
-0.3270612525
-0.3336183700
-0.3401595635
-0.3466845143
-0.3531929045
-0.3596844172
-0.3661587365
-0.3726155460
-0.3790545312
-0.3854753761
-0.3918777689
-0.3982613968
-0.4046259504
-0.4109711191
-0.4172965941
-0.4236020655
-0.4298872266
-0.4361517700
-0.4423953909
-0.4486177840
-0.4548186460
-0.4609976742
-0.4671545686
-0.4732890300
-0.4794007590
-0.4854894574
-0.4915548264
-0.4975965700
-0.5036143936
-0.5096080037
-0.5155771086
-0.5215214169
-0.5274406399
-0.5333344875
-0.5392026732
-0.5450449093
-0.5508609119
-0.5566503968
-0.5624130831
-0.5681486890
-0.5738569343
-0.5795375408
-0.5851902319
-0.5908147322
-0.5964107668
-0.6019780627
-0.6075163471
-0.6130253501
-0.6185048026
-0.6239544375
-0.6293739880
-0.6347631909
-0.6401217828
-0.6454495036
-0.6507460917
-0.6560112893
-0.6612448387
-0.6664464854
-0.6716159748
-0.6767530546
-0.6818574737
-0.6869289828
-0.6919673348
-0.6969722846
-0.7019435869
-0.7068809992
-0.7117842792
-0.7166531890
-0.7214874893
-0.7262869454
-0.7310513226
-0.7357803891
-0.7404739144
-0.7451316690
-0.7497534250
-0.7543389548
-0.7588880344
-0.7634004414
-0.7678759562
-0.7723143611
-0.7767154391
-0.7810789751
-0.7854047553
-0.7896925686
-0.7939422056
-0.7981534599
-0.8023261248
-0.8064599966
-0.8105548718
-0.8146105506
-0.8186268343
-0.8226035278
-0.8265404363
-0.8304373679
-0.8342941319
-0.8381105398
-0.8418864036
-0.8456215389
-0.8493157615
-0.8529688919
-0.8565807513
-0.8601511633
-0.8636799522
-0.8671669460
-0.8706119746
-0.8740148688
-0.8773754630
-0.8806935916
-0.8839690924
-0.8872018052
-0.8903915728
-0.8935382370
-0.8966416439
-0.8997016401
-0.9027180760
-0.9056908043
-0.9086196807
-0.9115045615
-0.9143453057
-0.9171417733
-0.9198938256
-0.9226013273
-0.9252641451
-0.9278821487
-0.9304552100
-0.9329832036
-0.9354660054
-0.9379034936
-0.9402955486
-0.9426420516
-0.9449428876
-0.9471979427
-0.9494071075
-0.9515702737
-0.9536873360
-0.9557581890
-0.9577827298
-0.9597608579
-0.9616924750
-0.9635774873
-0.9654158018
-0.9672073280
-0.9689519777
-0.9706496644
-0.9723003041
-0.9739038140
-0.9754601156
-0.9769691311
-0.9784307875
-0.9798450132
-0.9812117383
-0.9825308942
-0.9838024144
-0.9850262348
-0.9862022953
-0.9873305382
-0.9884109079
-0.9894433500
-0.9904278123
-0.9913642447
-0.9922526013
-0.9930928375
-0.9938849112
-0.9946287814
-0.9953244109
-0.9959717643
-0.9965708101
-0.9971215172
-0.9976238570
-0.9980778034
-0.9984833329
-0.9988404251
-0.9991490606
-0.9994092227
-0.9996208969
-0.9997840724
-0.9998987395
-0.9999648917
-0.9999825238
-0.9999516334
-0.9998722210
-0.9997442885
-0.9995678409
-0.9993428841
-0.9990694282
-0.9987474849
-0.9983770690
-0.9979581961
-0.9974908852
-0.9969751576
-0.9964110372
-0.9957985503
-0.9951377240
-0.9944285886
-0.9936711770
-0.9928655252
-0.9920116710
-0.9911096539
-0.9901595155
-0.9891613011
-0.9881150582
-0.9870208365
-0.9858786873
-0.9846886633
-0.9834508199
-0.9821652168
-0.9808319159
-0.9794509809
-0.9780224774
-0.9765464723
-0.9750230339
-0.9734522353
-0.9718341507
-0.9701688582
-0.9684564373
-0.9666969697
-0.9648905394
-0.9630372322
-0.9611371365
-0.9591903415
-0.9571969413
-0.9551570315
-0.9530707108
-0.9509380800
-0.9487592399
-0.9465342942
-0.9442633482
-0.9419465110
-0.9395838933
-0.9371756094
-0.9347217747
-0.9322225063
-0.9296779242
-0.9270881493
-0.9244533053
-0.9217735181
-0.9190489167
-0.9162796321
-0.9134657986
-0.9106075521
-0.9077050293
-0.9047583693
-0.9017677124
-0.8987332016
-0.8956549823
-0.8925332036
-0.8893680152
-0.8861595710
-0.8829080243
-0.8796135311
-0.8762762494
-0.8728963406
-0.8694739662
-0.8660092912
-0.8625024819
-0.8589537059
-0.8553631352
-0.8517309419
-0.8480573008
-0.8443423876
-0.8405863824
-0.8367894656
-0.8329518212
-0.8290736341
-0.8251550908
-0.8211963794
-0.8171976907
-0.8131592161
-0.8090811505
-0.8049636899
-0.8008070339
-0.7966113824
-0.7923769383
-0.7881039046
-0.7837924866
-0.7794428918
-0.7750553303
-0.7706300137
-0.7661671553
-0.7616669692
-0.7571296714
-0.7525554806
-0.7479446175
-0.7432973060
-0.7386137705
-0.7338942371
-0.7291389327
-0.7243480858
-0.7195219277
-0.7146606896
-0.7097646075
-0.7048339159
-0.6998688537
-0.6948696604
-0.6898365776
-0.6847698475
-0.6796697138
-0.6745364227
-0.6693702220
-0.6641713610
-0.6589400912
-0.6536766637
-0.6483813331
-0.6430543544
-0.6376959861
-0.6323064854
-0.6268861124
-0.6214351276
-0.6159537948
-0.6104423782
-0.6049011439
-0.5993303593
-0.5937302940
-0.5881012184
-0.5824434045
-0.5767571250
-0.5710426537
-0.5653002664
-0.5595302402
-0.5537328546
-0.5479083878
-0.5420571214
-0.5361793367
-0.5302753188
-0.5243453518
-0.5183897233
-0.5124087194
-0.5064026294
-0.5003717424
-0.4943163496
-0.4882367431
-0.4821332169
-0.4760060673
-0.4698555902
-0.4636820831
-0.4574858427
-0.4512671670
-0.4450263564
-0.4387637122
-0.4324795376
-0.4261741355
-0.4198478109
-0.4135008689
-0.4071336174
-0.4007463632
-0.3943394149
-0.3879130803
-0.3814676699
-0.3750034941
-0.3685208670
-0.3620201013
-0.3555015118
-0.3489654127
-0.3424121192
-0.3358419476
-0.3292552149
-0.3226522394
-0.3160333395
-0.3093988351
-0.3027490472
-0.2960842971
-0.2894049074
-0.2827112000
-0.2760034983
-0.2692821257
-0.2625474082
-0.2557996712
-0.2490392408
-0.2422664431
-0.2354816047
-0.2286850521
-0.2218771136
-0.2150581179
-0.2082283955
-0.2013882766
-0.1945380925
-0.1876781734
-0.1808088496
-0.1739304528
-0.1670433158
-0.1601477719
-0.1532441542
-0.1463327965
-0.1394140318
-0.1324881944
-0.1255556190
-0.1186166406
-0.1116715936
-0.1047208134
-0.0977646350
-0.0908033948
-0.0838374288
-0.0768670747
-0.0698926687
-0.0629145486
-0.0559330509
-0.0489485137
-0.0419612733
-0.0349716680
-0.0279800357
-0.0209867152
-0.0139920441
-0.0069963598
