-0.0062455902
-0.0124911800
-0.0187365225
-0.0249813720
-0.0312254824
-0.0374686074
-0.0437104993
-0.0499509119
-0.0561895990
-0.0624263152
-0.0686608135
-0.0748928486
-0.0811221742
-0.0873485444
-0.0935717132
-0.0997914351
-0.1060074635
-0.1122195533
-0.1184274585
-0.1246309348
-0.1308297372
-0.1370236215
-0.1432123435
-0.1493956589
-0.1555733225
-0.1617450901
-0.1679107179
-0.1740699621
-0.1802225797
-0.1863683292
-0.1925069671
-0.1986382521
-0.2047619416
-0.2108777939
-0.2169855664
-0.2230850184
-0.2291759085
-0.2352579965
-0.2413310430
-0.2473948094
-0.2534490572
-0.2594935476
-0.2655280407
-0.2715522979
-0.2775660798
-0.2835691495
-0.2895612698
-0.2955422042
-0.3015117167
-0.3074695725
-0.3134155367
-0.3193493732
-0.3252708475
-0.3311797255
-0.3370757749
-0.3429587634
-0.3488284594
-0.3546846291
-0.3605270409
-0.3663554636
-0.3721696677
-0.3779694234
-0.3837545025
-0.3895246768
-0.3952797184
-0.4010194012
-0.4067434985
-0.4124517838
-0.4181440308
-0.4238200142
-0.4294795089
-0.4351222922
-0.4407481415
-0.4463568355
-0.4519481529
-0.4575218727
-0.4630777733
-0.4686156350
-0.4741352397
-0.4796363688
-0.4851188069
-0.4905823374
-0.4960267448
-0.5014518122
-0.5068573261
-0.5122430723
-0.5176088386
-0.5229544128
-0.5282795847
-0.5335841434
-0.5388678801
-0.5441305852
-0.5493720503
-0.5545920673
-0.5597904312
-0.5649669374
-0.5701213815
-0.5752535596
-0.5803632679
-0.5854503045
-0.5905144685
-0.5955555600
-0.6005733804
-0.6055677311
-0.6105384148
-0.6154852343
-0.6204079944
-0.6253065001
-0.6301805591
-0.6350299784
-0.6398545664
-0.6446541309
-0.6494284824
-0.6541774317
-0.6589007927
-0.6635983790
-0.6682700055
-0.6729154873
-0.6775346398
-0.6821272804
-0.6866932267
-0.6912322999
-0.6957443195
-0.7002291082
-0.7046864873
-0.7091162808
-0.7135183138
-0.7178924132
-0.7222384062
-0.7265561205
-0.7308453843
-0.7351060275
-0.7393378812
-0.7435407790
-0.7477145550
-0.7518590451
-0.7559740843
-0.7600595093
-0.7641151573
-0.7681408681
-0.7721364841
-0.7761018471
-0.7800368007
-0.7839411884
-0.7878148564
-0.7916576501
-0.7954694188
-0.7992500106
-0.8029992768
-0.8067170684
-0.8104032396
-0.8140576433
-0.8176801352
-0.8212705706
-0.8248288075
-0.8283547043
-0.8318481213
-0.8353089209
-0.8387369656
-0.8421321203
-0.8454942497
-0.8488232227
-0.8521189064
-0.8553811713
-0.8586098877
-0.8618049268
-0.8649661617
-0.8680934672
-0.8711867195
-0.8742457960
-0.8772705759
-0.8802609398
-0.8832167679
-0.8861379440
-0.8890243506
-0.8918758739
-0.8946924012
-0.8974738217
-0.9002200245
-0.9029309006
-0.9056063415
-0.9082462406
-0.9108504941
-0.9134189985
-0.9159516516
-0.9184483535
-0.9209090051
-0.9233335080
-0.9257217665
-0.9280736853
-0.9303891706
-0.9326681302
-0.9349104749
-0.9371161150
-0.9392849639
-0.9414169351
-0.9435119429
-0.9455699029
-0.9475907332
-0.9495743532
-0.9515206851
-0.9534296521
-0.9553011784
-0.9571351884
-0.9589316091
-0.9606903678
-0.9624113938
-0.9640946191
-0.9657399765
-0.9673474009
-0.9689168293
-0.9704481992
-0.9719414478
-0.9733965161
-0.9748133442
-0.9761918766
-0.9775320575
-0.9788338350
-0.9800971560
-0.9813219706
-0.9825082288
-0.9836558833
-0.9847648875
-0.9858351973
-0.9868667692
-0.9878595610
-0.9888135327
-0.9897286466
-0.9906048653
-0.9914421538
-0.9922404778
-0.9929998049
-0.9937201051
-0.9944013497
-0.9950435104
-0.9956465600
-0.9962104734
-0.9967352272
-0.9972208012
-0.9976671754
-0.9980743313
-0.9984422507
-0.9987709192
-0.9990603220
-0.9993104486
-0.9995212874
-0.9996928292
-0.9998250656
-0.9999179907
-0.9999715989
-0.9999858872
-0.9999608542
-0.9998964996
-0.9997928259
-0.9996498361
-0.9994675353
-0.9992459297
-0.9989850279
-0.9986848371
-0.9983453691
-0.9979666354
-0.9975486509
-0.9970914311
-0.9965949928
-0.9960593534
-0.9954845329
-0.9948705534
-0.9942174391
-0.9935252154
-0.9927939074
-0.9920235425
-0.9912141498
-0.9903657608
-0.9894784071
-0.9885521233
-0.9875869438
-0.9865829058
-0.9855400482
-0.9844584117
-0.9833380371
-0.9821789681
-0.9809812490
-0.9797449269
-0.9784700482
-0.9771566636
-0.9758048214
-0.9744145746
-0.9729859757
-0.9715190817
-0.9700139483
-0.9684706358
-0.9668892032
-0.9652697111
-0.9636122209
-0.9619167973
-0.9601835051
-0.9584124122
-0.9566035881
-0.9547571031
-0.9528730295
-0.9509514407
-0.9489924100
-0.9469960128
-0.9449623261
-0.9428914295
-0.9407834040
-0.9386383330
-0.9364562993
-0.9342373874
-0.9319816834
-0.9296892742
-0.9273602486
-0.9249946980
-0.9225927144
-0.9201543912
-0.9176798235
-0.9151691077
-0.9126223409
-0.9100396227
-0.9074210532
-0.9047667339
-0.9020767683
-0.8993512623
-0.8965903219
-0.8937940557
-0.8909625711
-0.8880959787
-0.8851943889
-0.8822579170
-0.8792866759
-0.8762807833
-0.8732403555
-0.8701655108
-0.8670563690
-0.8639130513
-0.8607356799
-0.8575243795
-0.8542792760
-0.8510004966
-0.8476881679
-0.8443424205
-0.8409633827
-0.8375511873
-0.8341059665
-0.8306278556
-0.8271169894
-0.8235735054
-0.8199975421
-0.8163892394
-0.8127487391
-0.8090761835
-0.8053717166
-0.8016354823
-0.7978676265
-0.7940682961
-0.7902376399
-0.7863758066
-0.7824829481
-0.7785592160
-0.7746047641
-0.7706197469
-0.7666043196
-0.7625586379
-0.7584828593
-0.7543771445
-0.7502416543
-0.7460765516
-0.7418819979
-0.7376581572
-0.7334051931
-0.7291232728
-0.7248125635
-0.7204732353
-0.7161054580
-0.7117094024
-0.7072852390
-0.7028331410
-0.6983532817
-0.6938458382
-0.6893109854
-0.6847489016
-0.6801597633
-0.6755437512
-0.6709010454
-0.6662318289
-0.6615362840
-0.6568145944
-0.6520669439
-0.6472935168
-0.6424945000
-0.6376700815
-0.6328204512
-0.6279457991
-0.6230463157
-0.6181221918
-0.6131736202
-0.6082007947
-0.6032039099
-0.5981831619
-0.5931387468
-0.5880708621
-0.5829797052
-0.5778654758
-0.5727283734
-0.5675686005
-0.5623863589
-0.5571818515
-0.5519552810
-0.5467068508
-0.5414367672
-0.5361452371
-0.5308324681
-0.5254986679
-0.5201440452
-0.5147688092
-0.5093731698
-0.5039573383
-0.4985215267
-0.4930659474
-0.4875908156
-0.4820963453
-0.4765827516
-0.4710502486
-0.4654990532
-0.4599293822
-0.4543414537
-0.4487354881
-0.4431117048
-0.4374703239
-0.4318115653
-0.4261356503
-0.4204428001
-0.4147332388
-0.4090071899
-0.4032648791
-0.3975065309
-0.3917323714
-0.3859426252
-0.3801375193
-0.3743172801
-0.3684821352
-0.3626323130
-0.3567680421
-0.3508895520
-0.3449970741
-0.3390908405
-0.3331710820
-0.3272380297
-0.3212919149
-0.3153329707
-0.3093614308
-0.3033775301
-0.2973815028
-0.2913735825
-0.2853540046
-0.2793230045
-0.2732808186
-0.2672276827
-0.2611638357
-0.2550895152
-0.2490049605
-0.2429104094
-0.2368060999
-0.2306922695
-0.2245691573
-0.2184370024
-0.2122960457
-0.2061465272
-0.1999886890
-0.1938227720
-0.1876490183
-0.1814676686
-0.1752789657
-0.1690831507
-0.1628804661
-0.1566711550
-0.1504554609
-0.1442336273
-0.1380058992
-0.1317725203
-0.1255337345
-0.1192897853
-0.1130409178
-0.1067873757
-0.1005294046
-0.0942672494
-0.0880011564
-0.0817313706
-0.0754581379
-0.0691817041
-0.0629023151
-0.0566202161
-0.0503356537
-0.0440488733
-0.0377601210
-0.0314696429
-0.0251776865
-0.0188844979
-0.0125903235
-0.0062954085
