-0.0103677396
-0.0207354796
-0.0311020832
-0.0414664137
-0.0518273334
-0.0621837061
-0.0725343955
-0.0828782676
-0.0932141880
-0.1035410240
-0.1138576423
-0.1241629119
-0.1344557021
-0.1447348845
-0.1549993307
-0.1652479161
-0.1754795160
-0.1856930090
-0.1958872748
-0.2060611954
-0.2162136544
-0.2263435391
-0.2364497385
-0.2465311445
-0.2565866511
-0.2666151550
-0.2766155560
-0.2865867573
-0.2965276647
-0.3064371884
-0.3163142404
-0.3261577371
-0.3359665989
-0.3457397503
-0.3554761188
-0.3651746373
-0.3748342417
-0.3844538715
-0.3940324709
-0.4035689886
-0.4130623782
-0.4225115982
-0.4319156123
-0.4412733882
-0.4505838988
-0.4598461230
-0.4690590444
-0.4782216515
-0.4873329387
-0.4963919051
-0.5053975564
-0.5143489045
-0.5232449674
-0.5320847676
-0.5408673351
-0.5495917050
-0.5582569194
-0.5668620270
-0.5754060834
-0.5838881502
-0.5923072956
-0.6006625946
-0.6089531295
-0.6171779901
-0.6253362721
-0.6334270797
-0.6414495234
-0.6494027221
-0.6572858023
-0.6650978978
-0.6728381497
-0.6805057073
-0.6880997282
-0.6956193775
-0.7030638288
-0.7104322633
-0.7177238704
-0.7249378484
-0.7320734042
-0.7391297521
-0.7461061163
-0.7530017288
-0.7598158316
-0.7665476748
-0.7731965179
-0.7797616283
-0.7862422834
-0.7926377693
-0.7989473822
-0.8051704271
-0.8113062192
-0.8173540824
-0.8233133501
-0.8291833649
-0.8349634797
-0.8406530572
-0.8462514706
-0.8517581030
-0.8571723469
-0.8624936046
-0.8677212893
-0.8728548239
-0.8778936418
-0.8828371869
-0.8876849124
-0.8924362829
-0.8970907727
-0.9016478675
-0.9061070630
-0.9104678661
-0.9147297938
-0.9188923751
-0.9229551493
-0.9269176660
-0.9307794858
-0.9345401809
-0.9381993334
-0.9417565375
-0.9452113983
-0.9485635320
-0.9518125652
-0.9549581366
-0.9579998957
-0.9609375037
-0.9637706332
-0.9664989681
-0.9691222033
-0.9716400456
-0.9740522134
-0.9763584367
-0.9785584565
-0.9806520255
-0.9826389077
-0.9845188791
-0.9862917271
-0.9879572516
-0.9895152631
-0.9909655847
-0.9923080510
-0.9935425088
-0.9946688158
-0.9956868416
-0.9965964681
-0.9973975883
-0.9980901081
-0.9986739444
-0.9991490259
-0.9995152930
-0.9997726978
-0.9999212042
-0.9999607880
-0.9998914376
-0.9997131532
-0.9994259471
-0.9990298436
-0.9985248785
-0.9979110994
-0.9971885657
-0.9963573480
-0.9954175295
-0.9943692047
-0.9932124805
-0.9919474753
-0.9905743192
-0.9890931538
-0.9875041326
-0.9858074215
-0.9840031974
-0.9820916495
-0.9800729785
-0.9779473969
-0.9757151292
-0.9733764109
-0.9709314891
-0.9683806221
-0.9657240805
-0.9629621461
-0.9600951122
-0.9571232836
-0.9540469762
-0.9508665179
-0.9475822472
-0.9441945154
-0.9407036835
-0.9371101243
-0.9334142214
-0.9296163702
-0.9257169769
-0.9217164587
-0.9176152439
-0.9134137715
-0.9091124909
-0.9047118635
-0.9002123610
-0.8956144661
-0.8909186720
-0.8861254831
-0.8812354139
-0.8762489902
-0.8711667472
-0.8659892309
-0.8607169979
-0.8553506143
-0.8498906577
-0.8443377155
-0.8386923842
-0.8329552708
-0.8271269929
-0.8212081780
-0.8151994638
-0.8091014976
-0.8029149363
-0.7966404456
-0.7902787016
-0.7838303892
-0.7772962038
-0.7706768494
-0.7639730404
-0.7571854990
-0.7503149572
-0.7433621553
-0.7363278432
-0.7292127796
-0.7220177327
-0.7147434785
-0.7073908017
-0.6999604959
-0.6924533634
-0.6848702142
-0.6772118667
-0.6694791473
-0.6616728908
-0.6537939402
-0.6458431463
-0.6378213672
-0.6297294689
-0.6215683256
-0.6133388187
-0.6050418376
-0.5966782782
-0.5882490441
-0.5797550461
-0.5711972024
-0.5625764375
-0.5538936827
-0.5451498758
-0.5363459619
-0.5274828931
-0.5185616269
-0.5095831283
-0.5005483672
-0.4914583198
-0.4823139686
-0.4731163031
-0.4638663176
-0.4545650124
-0.4452133931
-0.4358124702
-0.4263632605
-0.4168667857
-0.4073240727
-0.3977361529
-0.3881040632
-0.3784288459
-0.3687115475
-0.3589532197
-0.3491549180
-0.3393177013
-0.3294426338
-0.3195307831
-0.3095832212
-0.2996010243
-0.2895852732
-0.2795370506
-0.2694574441
-0.2593475441
-0.2492084444
-0.2390412423
-0.2288470381
-0.2186269345
-0.2083820369
-0.1981134534
-0.1878222953
-0.1775096760
-0.1671767116
-0.1568245194
-0.1464542203
-0.1360669354
-0.1256637896
-0.1152459083
-0.1048144195
-0.0943704514
-0.0839151350
-0.0734496009
-0.0629749817
-0.0524924098
-0.0420030202
-0.0315079478
-0.0210083295
-0.0105053014
