-0.0304864809
-0.0609729619
-0.0914293536
-0.1218255956
-0.1521316857
-0.1823177087
-0.2123538657
-0.2422105025
-0.2718581391
-0.3012674974
-0.3304095300
-0.3592554482
-0.3877767494
-0.4159452455
-0.4437330891
-0.4711128016
-0.4980572990
-0.5245399186
-0.5505344444
-0.5760151324
-0.6009567360
-0.6253345297
-0.6491243341
-0.6723025379
-0.6948461221
-0.7167326811
-0.7379404453
-0.7584483016
-0.7782358146
-0.7972832451
-0.8155715704
-0.8330825015
-0.8497985020
-0.8657028043
-0.8807794264
-0.8950131867
-0.9083897193
-0.9208954872
-0.9325177958
-0.9432448055
-0.9530655429
-0.9619699112
-0.9699487002
-0.9769935952
-0.9830971851
-0.9882529694
-0.9924553642
-0.9956997080
-0.9979822661
-0.9993002345
-0.9996517424
-0.9990358538
-0.9974525688
-0.9949028232
-0.9913884881
-0.9869123676
-0.9814781964
-0.9750906356
-0.9677552689
-0.9594785968
-0.9502680305
-0.9401318848
-0.9290793700
-0.9171205829
-0.9042664969
-0.8905289520
-0.8759206425
-0.8604551054
-0.8441467062
-0.8270106268
-0.8090628492
-0.7903201412
-0.7708000393
-0.7505208319
-0.7295015418
-0.7077619082
-0.6853223667
-0.6622040306
-0.6384286694
-0.6140186886
-0.5889971073
-0.5633875367
-0.5372141563
-0.5105016914
-0.4832753887
-0.4555609920
-0.4273847175
-0.3987732278
-0.3697536071
-0.3403533339
-0.3106002557
-0.2805225605
-0.2501487506
-0.2195076150
-0.1886282010
-0.1575397870
-0.1262718531
-0.0948540535
-0.0633161870
-0.0316881684
