-0.0124164109
-0.0248328220
-0.0372472727
-0.0496578030
-0.0620624522
-0.0744592619
-0.0868462741
-0.0992215330
-0.1115830841
-0.1239289757
-0.1362572573
-0.1485659823
-0.1608532064
-0.1731169896
-0.1853553946
-0.1975664892
-0.2097483442
-0.2218990358
-0.2340166447
-0.2460992569
-0.2581449639
-0.2701518635
-0.2821180596
-0.2940416620
-0.3059207875
-0.3177535591
-0.3295381068
-0.3412725691
-0.3529550922
-0.3645838313
-0.3761569490
-0.3876726162
-0.3991290129
-0.4105243287
-0.4218567623
-0.4331245231
-0.4443258309
-0.4554589150
-0.4665220162
-0.4775133854
-0.4884312849
-0.4992739883
-0.5100397821
-0.5207269641
-0.5313338451
-0.5418587470
-0.5523000053
-0.5626559685
-0.5729249994
-0.5831054738
-0.5931957816
-0.6031943261
-0.6130995251
-0.6229098112
-0.6326236323
-0.6422394507
-0.6517557440
-0.6611710053
-0.6704837443
-0.6796924863
-0.6887957734
-0.6977921643
-0.7066802339
-0.7154585744
-0.7241257957
-0.7326805248
-0.7411214051
-0.7494470991
-0.7576562855
-0.7657476633
-0.7737199491
-0.7815718787
-0.7893022057
-0.7969097045
-0.8043931670
-0.8117514061
-0.8189832528
-0.8260875585
-0.8330631945
-0.8399090533
-0.8466240461
-0.8532071059
-0.8596571848
-0.8659732568
-0.8721543173
-0.8781993828
-0.8841074910
-0.8898777008
-0.8955090924
-0.9010007669
-0.9063518487
-0.9115614834
-0.9166288398
-0.9215531088
-0.9263335037
-0.9309692598
-0.9354596354
-0.9398039110
-0.9440013903
-0.9480513997
-0.9519532897
-0.9557064334
-0.9593102279
-0.9627640932
-0.9660674718
-0.9692198302
-0.9722206588
-0.9750694725
-0.9777658095
-0.9803092314
-0.9826993241
-0.9849356976
-0.9870179862
-0.9889458479
-0.9907189651
-0.9923370438
-0.9937998153
-0.9951070348
-0.9962584825
-0.9972539618
-0.9980933018
-0.9987763546
-0.9993029979
-0.9996731333
-0.9998866878
-0.9999436124
-0.9998438826
-0.9995874982
-0.9991744833
-0.9986048871
-0.9978787831
-0.9969962700
-0.9959574698
-0.9947625302
-0.9934116223
-0.9919049419
-0.9902427092
-0.9884251695
-0.9864525919
-0.9843252699
-0.9820435209
-0.9796076866
-0.9770181332
-0.9742752510
-0.9713794538
-0.9683311793
-0.9651308893
-0.9617790701
-0.9582762319
-0.9546229076
-0.9508196535
-0.9468670493
-0.9427656983
-0.9385162276
-0.9341192877
-0.9295755521
-0.9248857167
-0.9200505010
-0.9150706463
-0.9099469167
-0.9046800990
-0.8992710027
-0.8937204596
-0.8880293245
-0.8821984737
-0.8762288049
-0.8701212373
-0.8638767115
-0.8574961898
-0.8509806563
-0.8443311167
-0.8375485967
-0.8306341437
-0.8235888246
-0.8164137276
-0.8091099612
-0.8016786545
-0.7941209552
-0.7864380323
-0.7786310729
-0.7707012850
-0.7626498948
-0.7544781483
-0.7461873095
-0.7377786626
-0.7292535092
-0.7206131699
-0.7118589821
-0.7029923011
-0.6940145000
-0.6849269697
-0.6757311180
-0.6664283694
-0.6570201656
-0.6475079648
-0.6378932419
-0.6281774878
-0.6183622095
-0.6084489283
-0.5984391820
-0.5883345230
-0.5781365192
-0.5678467520
-0.5574668178
-0.5469983262
-0.5364429017
-0.5258021825
-0.5150778206
-0.5042714797
-0.4933848373
-0.4824195824
-0.4713774177
-0.4602600575
-0.4490692284
-0.4378066670
-0.4264741226
-0.4150733541
-0.4036061318
-0.3920742369
-0.3804794603
-0.3688236034
-0.3571084769
-0.3453359003
-0.3335077015
-0.3216257177
-0.3096917943
-0.2977077858
-0.2856755547
-0.2735969699
-0.2614739079
-0.2493082516
-0.2371018908
-0.2248567224
-0.2125746488
-0.2002575789
-0.1879074263
-0.1755261106
-0.1631155554
-0.1506776897
-0.1382144457
-0.1257277608
-0.1132195751
-0.1006918332
-0.0881464818
-0.0755854706
-0.0630107517
-0.0504242793
-0.0378280094
-0.0252239003
-0.0126139107
