-0.0154739787
-0.0309479576
-0.0464181187
-0.0618806447
-0.0773317200
-0.0927675326
-0.1081842734
-0.1235781388
-0.1389453299
-0.1542820546
-0.1695845278
-0.1848489740
-0.2000716257
-0.2152487269
-0.2303765315
-0.2454513066
-0.2604693314
-0.2754268994
-0.2903203186
-0.3051459130
-0.3199000227
-0.3345790060
-0.3491792390
-0.3636971167
-0.3781290547
-0.3924714894
-0.4067208791
-0.4208737045
-0.4349264705
-0.4488757057
-0.4627179652
-0.4764498297
-0.4900679069
-0.5035688315
-0.5169492675
-0.5302059082
-0.5433354772
-0.5563347296
-0.5692004518
-0.5819294632
-0.5945186158
-0.6069647965
-0.6192649261
-0.6314159620
-0.6434148983
-0.6552587663
-0.6669446346
-0.6784696103
-0.6898308394
-0.7010255088
-0.7120508459
-0.7229041195
-0.7335826401
-0.7440837608
-0.7544048781
-0.7645434331
-0.7744969116
-0.7842628442
-0.7938388072
-0.8032224233
-0.8124113616
-0.8214033394
-0.8301961220
-0.8387875236
-0.8471754073
-0.8553576867
-0.8633323248
-0.8710973358
-0.8786507846
-0.8859907882
-0.8931155157
-0.9000231887
-0.9067120813
-0.9131805211
-0.9194268898
-0.9254496241
-0.9312472151
-0.9368182083
-0.9421612049
-0.9472748613
-0.9521578905
-0.9568090613
-0.9612271998
-0.9654111880
-0.9693599663
-0.9730725323
-0.9765479415
-0.9797853068
-0.9827837992
-0.9855426482
-0.9880611419
-0.9903386270
-0.9923745090
-0.9941682525
-0.9957193815
-0.9970274791
-0.9980921876
-0.9989132090
-0.9994903045
-0.9998232950
-0.9999120613
-0.9997565436
-0.9993567419
-0.9987127161
-0.9978245856
-0.9966925294
-0.9953167861
-0.9936976540
-0.9918354902
-0.9897307119
-0.9873837953
-0.9847952757
-0.9819657475
-0.9788958641
-0.9755863375
-0.9720379381
-0.9682514945
-0.9642278936
-0.9599680797
-0.9554730560
-0.9507438824
-0.9457816767
-0.9405876128
-0.9351629218
-0.9295088909
-0.9236268636
-0.9175182384
-0.9111844689
-0.9046270646
-0.8978475896
-0.8908476628
-0.8836289559
-0.8761931944
-0.8685421565
-0.8606776732
-0.8526016279
-0.8443159552
-0.8358226409
-0.8271237217
-0.8182212846
-0.8091174666
-0.7998144534
-0.7903144804
-0.7806198301
-0.7707328330
-0.7606558663
-0.7503913531
-0.7399417626
-0.7293096096
-0.7184974536
-0.7075078982
-0.6963435900
-0.6850072180
-0.6735015134
-0.6618292493
-0.6499932395
-0.6379963374
-0.6258414351
-0.6135314639
-0.6010693925
-0.5884582279
-0.5757010129
-0.5628008262
-0.5497607807
-0.5365840242
-0.5232737372
-0.5098331330
-0.4962654573
-0.4825739862
-0.4687620271
-0.4548329157
-0.4407900168
-0.4266367221
-0.4123764514
-0.3980126501
-0.3835487896
-0.3689883653
-0.3543348961
-0.3395919237
-0.3247630117
-0.3098517448
-0.2948617273
-0.2797965830
-0.2646599540
-0.2494555000
-0.2341868971
-0.2188578374
-0.2034720272
-0.1880331873
-0.1725450507
-0.1570113637
-0.1414358820
-0.1258223733
-0.1101746138
-0.0944963882
-0.0787914885
-0.0630637131
-0.0473168658
-0.0315547557
-0.0157811953
