-0.0088971132
-0.0177942265
-0.0266906233
-0.0355855865
-0.0444783997
-0.0533683463
-0.0622547102
-0.0711367753
-0.0800138260
-0.0888851471
-0.0977500238
-0.1066077419
-0.1154575878
-0.1242988483
-0.1331308112
-0.1419527647
-0.1507639982
-0.1595638016
-0.1683514659
-0.1771262831
-0.1858875462
-0.1946345492
-0.2033665873
-0.2120829569
-0.2207829556
-0.2294658825
-0.2381310379
-0.2467777234
-0.2554052423
-0.2640128995
-0.2726000013
-0.2811658557
-0.2897097723
-0.2982310627
-0.3067290400
-0.3152030195
-0.3236523183
-0.3320762553
-0.3404741517
-0.3488453307
-0.3571891174
-0.3655048395
-0.3737918268
-0.3820494112
-0.3902769272
-0.3984737115
-0.4066391034
-0.4147724447
-0.4228730799
-0.4309403559
-0.4389736224
-0.4469722316
-0.4549355389
-0.4628629020
-0.4707536820
-0.4786072425
-0.4864229503
-0.4942001753
-0.5019382903
-0.5096366714
-0.5172946977
-0.5249117518
-0.5324872192
-0.5400204891
-0.5475109540
-0.5549580097
-0.5623610555
-0.5697194942
-0.5770327325
-0.5843001802
-0.5915212511
-0.5986953626
-0.6058219359
-0.6129003961
-0.6199301719
-0.6269106962
-0.6338414057
-0.6407217411
-0.6475511471
-0.6543290724
-0.6610549701
-0.6677282972
-0.6743485152
-0.6809150894
-0.6874274900
-0.6938851910
-0.7002876710
-0.7066344131
-0.7129249047
-0.7191586378
-0.7253351090
-0.7314538193
-0.7375142746
-0.7435159853
-0.7494584665
-0.7553412380
-0.7611638244
-0.7669257553
-0.7726265650
-0.7782657927
-0.7838429826
-0.7893576838
-0.7948094505
-0.8001978417
-0.8055224218
-0.8107827602
-0.8159784313
-0.8211090149
-0.8261740958
-0.8311732642
-0.8361061155
-0.8409722505
-0.8457712753
-0.8505028013
-0.8551664454
-0.8597618300
-0.8642885828
-0.8687463372
-0.8731347318
-0.8774534111
-0.8817020251
-0.8858802292
-0.8899876846
-0.8940240583
-0.8979890227
-0.9018822563
-0.9057034431
-0.9094522727
-0.9131284409
-0.9167316491
-0.9202616046
-0.9237180204
-0.9271006156
-0.9304091150
-0.9336432496
-0.9368027562
-0.9398873777
-0.9428968628
-0.9458309663
-0.9486894492
-0.9514720784
-0.9541786267
-0.9568088734
-0.9593626036
-0.9618396087
-0.9642396862
-0.9665626397
-0.9688082791
-0.9709764203
-0.9730668856
-0.9750795034
-0.9770141085
-0.9788705418
-0.9806486504
-0.9823482879
-0.9839693139
-0.9855115945
-0.9869750022
-0.9883594155
-0.9896647194
-0.9908908054
-0.9920375712
-0.9931049206
-0.9940927643
-0.9950010189
-0.9958296077
-0.9965784600
-0.9972475120
-0.9978367057
-0.9983459902
-0.9987753204
-0.9991246579
-0.9993939706
-0.9995832327
-0.9996924252
-0.9997215351
-0.9996705560
-0.9995394878
-0.9993283371
-0.9990371167
-0.9986658457
-0.9982145499
-0.9976832614
-0.9970720186
-0.9963808665
-0.9956098562
-0.9947590454
-0.9938284982
-0.9928182850
-0.9917284829
-0.9905591748
-0.9893104505
-0.9879824058
-0.9865751431
-0.9850887711
-0.9835234046
-0.9818791651
-0.9801561801
-0.9783545836
-0.9764745158
-0.9745161234
-0.9724795591
-0.9703649819
-0.9681725572
-0.9659024564
-0.9635548575
-0.9611299443
-0.9586279070
-0.9560489420
-0.9533932518
-0.9506610451
-0.9478525365
-0.9449679471
-0.9420075038
-0.9389714396
-0.9358599939
-0.9326734116
-0.9294119441
-0.9260758485
-0.9226653878
-0.9191808313
-0.9156224541
-0.9119905370
-0.9082853671
-0.9045072370
-0.9006564453
-0.8967332963
-0.8927381004
-0.8886711734
-0.8845328371
-0.8803234188
-0.8760432517
-0.8716926746
-0.8672720319
-0.8627816738
-0.8582219557
-0.8535932390
-0.8488958904
-0.8441302819
-0.8392967915
-0.8343958021
-0.8294277023
-0.8243928859
-0.8192917523
-0.8141247059
-0.8088921567
-0.8035945197
-0.7982322153
-0.7928056689
-0.7873153112
-0.7817615778
-0.7761449097
-0.7704657526
-0.7647245576
-0.7589217803
-0.7530578815
-0.7471333270
-0.7411485871
-0.7351041374
-0.7290004579
-0.7228380336
-0.7166173540
-0.7103389133
-0.7040032104
-0.6976107487
-0.6911620364
-0.6846575858
-0.6780979140
-0.6714835424
-0.6648149968
-0.6580928073
-0.6513175083
-0.6444896385
-0.6376097407
-0.6306783621
-0.6236960537
-0.6166633710
-0.6095808732
-0.6024491235
-0.5952686893
-0.5880401416
-0.5807640554
-0.5734410095
-0.5660715866
-0.5586563729
-0.5511959582
-0.5436909363
-0.5361419042
-0.5285494626
-0.5209142157
-0.5132367709
-0.5055177393
-0.4977577350
-0.4899573757
-0.4821172821
-0.4742380782
-0.4663203912
-0.4583648512
-0.4503720914
-0.4423427481
-0.4342774604
-0.4261768703
-0.4180416228
-0.4098723654
-0.4016697484
-0.3934344250
-0.3851670506
-0.3768682836
-0.3685387846
-0.3601792168
-0.3517902458
-0.3433725396
-0.3349267684
-0.3264536047
-0.3179537232
-0.3094278008
-0.3008765163
-0.2923005507
-0.2837005869
-0.2750773098
-0.2664314060
-0.2577635642
-0.2490744745
-0.2403648292
-0.2316353217
-0.2228866474
-0.2141195029
-0.2053345864
-0.1965325977
-0.1877142379
-0.1788802092
-0.1700312152
-0.1611679608
-0.1522911520
-0.1434014956
-0.1344996999
-0.1255864736
-0.1166625270
-0.1077285708
-0.0987853164
-0.0898334765
-0.0808737639
-0.0719068923
-0.0629335760
-0.0539545297
-0.0449704686
-0.0359821085
-0.0269901652
-0.0179953550
-0.0089983944
