-0.0062424021
-0.0124848043
-0.0187269602
-0.0249686234
-0.0312095473
-0.0374494857
-0.0436881922
-0.0499254205
-0.0561609244
-0.0623944578
-0.0686257745
-0.0748546285
-0.0810807738
-0.0873039648
-0.0935239558
-0.0997405011
-0.1059533554
-0.1121622732
-0.1183670097
-0.1245673197
-0.1307629585
-0.1369536815
-0.1431392443
-0.1493194026
-0.1554939126
-0.1616625303
-0.1678250123
-0.1739811153
-0.1801305962
-0.1862732122
-0.1924087208
-0.1985368798
-0.2046574472
-0.2107701814
-0.2168748411
-0.2229711851
-0.2290589729
-0.2351379641
-0.2412079185
-0.2472685966
-0.2533197591
-0.2593611671
-0.2653925820
-0.2714137657
-0.2774244804
-0.2834244889
-0.2894135541
-0.2953914396
-0.3013579093
-0.3073127277
-0.3132556597
-0.3191864705
-0.3251049261
-0.3310107927
-0.3369038370
-0.3427838264
-0.3486505287
-0.3545037121
-0.3603431457
-0.3661685988
-0.3719798414
-0.3777766439
-0.3835587775
-0.3893260138
-0.3950781250
-0.4008148841
-0.4065360644
-0.4122414399
-0.4179307854
-0.4236038762
-0.4292604882
-0.4349003980
-0.4405233829
-0.4461292206
-0.4517176900
-0.4572885702
-0.4628416411
-0.4683766836
-0.4738934788
-0.4793918090
-0.4848714569
-0.4903322061
-0.4957738408
-0.5011961462
-0.5065989080
-0.5119819128
-0.5173449480
-0.5226878016
-0.5280102626
-0.5333121209
-0.5385931668
-0.5438531918
-0.5490919880
-0.5543093486
-0.5595050672
-0.5646789387
-0.5698307586
-0.5749603233
-0.5800674302
-0.5851518774
-0.5902134640
-0.5952519901
-0.6002672565
-0.6052590651
-0.6102272185
-0.6151715206
-0.6200917757
-0.6249877896
-0.6298593687
-0.6347063205
-0.6395284534
-0.6443255768
-0.6490975011
-0.6538440377
-0.6585649990
-0.6632601982
-0.6679294499
-0.6725725694
-0.6771893732
-0.6817796788
-0.6863433047
-0.6908800704
-0.6953897966
-0.6998723049
-0.7043274182
-0.7087549603
-0.7131547560
-0.7175266315
-0.7218704138
-0.7261859311
-0.7304730128
-0.7347314893
-0.7389611922
-0.7431619541
-0.7473336090
-0.7514759918
-0.7555889386
-0.7596722867
-0.7637258747
-0.7677495421
-0.7717431296
-0.7757064794
-0.7796394345
-0.7835418393
-0.7874135394
-0.7912543816
-0.7950642138
-0.7988428853
-0.8025902465
-0.8063061491
-0.8099904459
-0.8136429912
-0.8172636402
-0.8208522498
-0.8244086777
-0.8279327831
-0.8314244265
-0.8348834697
-0.8383097755
-0.8417032084
-0.8450636339
-0.8483909188
-0.8516849313
-0.8549455411
-0.8581726188
-0.8613660365
-0.8645256679
-0.8676513875
-0.8707430715
-0.8738005974
-0.8768238440
-0.8798126913
-0.8827670210
-0.8856867158
-0.8885716600
-0.8914217391
-0.8942368401
-0.8970168512
-0.8997616623
-0.9024711643
-0.9051452498
-0.9077838127
-0.9103867481
-0.9129539528
-0.9154853248
-0.9179807636
-0.9204401701
-0.9228634466
-0.9252504969
-0.9276012261
-0.9299155408
-0.9321933491
-0.9344345603
-0.9366390853
-0.9388068364
-0.9409377275
-0.9430316737
-0.9450885918
-0.9471084000
-0.9490910177
-0.9510363660
-0.9529443674
-0.9548149460
-0.9566480273
-0.9584435381
-0.9602014068
-0.9619215635
-0.9636039393
-0.9652484673
-0.9668550817
-0.9684237183
-0.9699543147
-0.9714468095
-0.9729011433
-0.9743172576
-0.9756950960
-0.9770346033
-0.9783357256
-0.9795984110
-0.9808226088
-0.9820082698
-0.9831553465
-0.9842637927
-0.9853335640
-0.9863646172
-0.9873569108
-0.9883104048
-0.9892250607
-0.9901008416
-0.9909377119
-0.9917356380
-0.9924945874
-0.9932145292
-0.9938954342
-0.9945372746
-0.9951400242
-0.9957036584
-0.9962281538
-0.9967134890
-0.9971596440
-0.9975666001
-0.9979343404
-0.9982628494
-0.9985521133
-0.9988021197
-0.9990128578
-0.9991843183
-0.9993164935
-0.9994093771
-0.9994629647
-0.9994772531
-0.9994522407
-0.9993879274
-0.9992843150
-0.9991414064
-0.9989592064
-0.9987377210
-0.9984769581
-0.9981769267
-0.9978376379
-0.9974591040
-0.9970413387
-0.9965843577
-0.9960881778
-0.9955528176
-0.9949782971
-0.9943646379
-0.9937118632
-0.9930199977
-0.9922890676
-0.9915191006
-0.9907101260
-0.9898621748
-0.9889752792
-0.9880494730
-0.9870847918
-0.9860812725
-0.9850389535
-0.9839578748
-0.9828380781
-0.9816796063
-0.9804825041
-0.9792468174
-0.9779725940
-0.9766598829
-0.9753087348
-0.9739192017
-0.9724913374
-0.9710251971
-0.9695208374
-0.9679783165
-0.9663976940
-0.9647790312
-0.9631223906
-0.9614278363
-0.9596954341
-0.9579252510
-0.9561173557
-0.9542718183
-0.9523887104
-0.9504681051
-0.9485100768
-0.9465147016
-0.9444820570
-0.9424122218
-0.9403052765
-0.9381613031
-0.9359803847
-0.9337626062
-0.9315080537
-0.9292168149
-0.9268889790
-0.9245246365
-0.9221238795
-0.9196868012
-0.9172134967
-0.9147040620
-0.9121585950
-0.9095771947
-0.9069599616
-0.9043069976
-0.9016184061
-0.8988942918
-0.8961347608
-0.8933399208
-0.8905098806
-0.8876447504
-0.8847446420
-0.8818096684
-0.8788399440
-0.8758355847
-0.8727967075
-0.8697234310
-0.8666158751
-0.8634741609
-0.8602984110
-0.8570887493
-0.8538453010
-0.8505681926
-0.8472575521
-0.8439135086
-0.8405361926
-0.8371257360
-0.8336822717
-0.8302059344
-0.8266968596
-0.8231551845
-0.8195810471
-0.8159745872
-0.8123359455
-0.8086652641
-0.8049626864
-0.8012283569
-0.7974624216
-0.7936650274
-0.7898363229
-0.7859764574
-0.7820855818
-0.7781638482
-0.7742114097
-0.7702284208
-0.7662150370
-0.7621714153
-0.7580977136
-0.7539940911
-0.7498607083
-0.7456977267
-0.7415053090
-0.7372836189
-0.7330328216
-0.7287530833
-0.7244445711
-0.7201074536
-0.7157419002
-0.7113480818
-0.7069261700
-0.7024763377
-0.6979987589
-0.6934936087
-0.6889610633
-0.6844012999
-0.6798144967
-0.6752008333
-0.6705604899
-0.6658936481
-0.6612004903
-0.6564812003
-0.6517359625
-0.6469649626
-0.6421683870
-0.6373464235
-0.6324992608
-0.6276270885
-0.6227300970
-0.6178084780
-0.6128624240
-0.6078921286
-0.6028977861
-0.5978795919
-0.5928377425
-0.5877724350
-0.5826838676
-0.5775722395
-0.5724377506
-0.5672806018
-0.5621009950
-0.5568991327
-0.5516752187
-0.5464294574
-0.5411620539
-0.5358732145
-0.5305631461
-0.5252320566
-0.5198801546
-0.5145076496
-0.5091147517
-0.5037016721
-0.4982686227
-0.4928158160
-0.4873434655
-0.4818517855
-0.4763409908
-0.4708112972
-0.4652629211
-0.4596960796
-0.4541109908
-0.4485078732
-0.4428869462
-0.4372484298
-0.4315925447
-0.4259195123
-0.4202295548
-0.4145228948
-0.4087997558
-0.4030603618
-0.3973049376
-0.3915337085
-0.3857469003
-0.3799447397
-0.3741274538
-0.3682952704
-0.3624484178
-0.3565871250
-0.3507116214
-0.3448221370
-0.3389189026
-0.3330021491
-0.3270721083
-0.3211290122
-0.3151730937
-0.3092045860
-0.3032237227
-0.2972307381
-0.2912258669
-0.2852093440
-0.2791814051
-0.2731422863
-0.2670922240
-0.2610314552
-0.2549602172
-0.2488787477
-0.2427872849
-0.2366860674
-0.2305753340
-0.2244553239
-0.2183262770
-0.2121884332
-0.2060420329
-0.1998873167
-0.1937245257
-0.1875539013
-0.1813756851
-0.1751901189
-0.1689974452
-0.1627979063
-0.1565917451
-0.1503792046
-0.1441605281
-0.1379359591
-0.1317057415
-0.1254701193
-0.1192293365
-0.1129836377
-0.1067332675
-0.1004784706
-0.0942194920
-0.0879565768
-0.0816899702
-0.0754199178
-0.0691466651
-0.0628704577
-0.0565915415
-0.0503101623
-0.0440265662
-0.0377409994
-0.0314537078
-0.0251649378
-0.0188749357
-0.0125839477
-0.0062922204
