-0.0205279812
-0.0410559628
-0.0615749401
-0.0820759124
-0.1025498867
-0.1229878818
-0.1433809319
-0.1637200908
-0.1839964355
-0.2042010704
-0.2243251306
-0.2443597864
-0.2642962467
-0.2841257628
-0.3038396323
-0.3234292031
-0.3428858766
-0.3622011118
-0.3813664290
-0.4003734135
-0.4192137188
-0.4378790709
-0.4563612712
-0.4746522006
-0.4927438228
-0.5106281877
-0.5282974348
-0.5457437969
-0.5629596032
-0.5799372826
-0.5966693672
-0.6131484955
-0.6293674152
-0.6453189868
-0.6609961866
-0.6763921095
-0.6914999721
-0.7063131160
-0.7208250102
-0.7350292538
-0.7489195795
-0.7624898556
-0.7757340892
-0.7886464283
-0.8012211646
-0.8134527358
-0.8253357284
-0.8368648797
-0.8480350801
-0.8588413753
-0.8692789686
-0.8793432231
-0.8890296630
-0.8983339766
-0.9072520170
-0.9157798050
-0.9239135303
-0.9316495527
-0.9389844047
-0.9459147919
-0.9524375956
-0.9585498729
-0.9642488590
-0.9695319679
-0.9743967935
-0.9788411108
-0.9828628769
-0.9864602317
-0.9896314989
-0.9923751864
-0.9946899875
-0.9965747810
-0.9980286317
-0.9990507910
-0.9996406973
-0.9997979761
-0.9995224398
-0.9988140885
-0.9976731096
-0.9960998776
-0.9940949542
-0.9916590880
-0.9887932140
-0.9854984535
-0.9817761132
-0.9776276852
-0.9730548456
-0.9680594547
-0.9626435554
-0.9568093725
-0.9505593121
-0.9438959603
-0.9368220819
-0.9293406196
-0.9214546924
-0.9131675943
-0.9044827931
-0.8954039287
-0.8859348116
-0.8760794210
-0.8658419036
-0.8552265714
-0.8442378997
-0.8328805258
-0.8211592463
-0.8090790154
-0.7966449427
-0.7838622909
-0.7707364735
-0.7572730528
-0.7434777371
-0.7293563782
-0.7149149693
-0.7001596418
-0.6850966633
-0.6697324344
-0.6540734861
-0.6381264770
-0.6218981904
-0.6053955312
-0.5886255233
-0.5715953062
-0.5543121321
-0.5367833625
-0.5190164653
-0.5010190116
-0.4827986722
-0.4643632143
-0.4457204983
-0.4268784744
-0.4078451788
-0.3886287307
-0.3692373287
-0.3496792467
-0.3299628311
-0.3100964968
-0.2900887235
-0.2699480520
-0.2496830810
-0.2293024627
-0.2088148994
-0.1882291397
-0.1675539748
-0.1467982344
-0.1259707834
-0.1050805173
-0.0841363592
-0.0631472553
-0.0421221714
-0.0210700886
