-0.0077927286
-0.0155854574
-0.0233777055
-0.0311689925
-0.0389588377
-0.0467467605
-0.0545322806
-0.0623149177
-0.0700941917
-0.0778696229
-0.0856407315
-0.0934070382
-0.1011680638
-0.1089233296
-0.1166723574
-0.1244146689
-0.1321497867
-0.1398772336
-0.1475965328
-0.1553072082
-0.1630087842
-0.1707007856
-0.1783827379
-0.1860541673
-0.1937146003
-0.2013635646
-0.2090005882
-0.2166252000
-0.2242369295
-0.2318353073
-0.2394198645
-0.2469901332
-0.2545456464
-0.2620859379
-0.2696105426
-0.2771189962
-0.2846108354
-0.2920855981
-0.2995428230
-0.3069820500
-0.3144028202
-0.3218046758
-0.3291871599
-0.3365498171
-0.3438921930
-0.3512138347
-0.3585142903
-0.3657931093
-0.3730498425
-0.3802840423
-0.3874952621
-0.3946830569
-0.4018469833
-0.4089865991
-0.4161014636
-0.4231911379
-0.4302551845
-0.4372931672
-0.4443046517
-0.4512892054
-0.4582463970
-0.4651757972
-0.4720769782
-0.4789495141
-0.4857929807
-0.4926069556
-0.4993910181
-0.5061447494
-0.5128677325
-0.5195595525
-0.5262197963
-0.5328480526
-0.5394439122
-0.5460069679
-0.5525368145
-0.5590330488
-0.5654952696
-0.5719230779
-0.5783160769
-0.5846738716
-0.5909960695
-0.5972822802
-0.6035321155
-0.6097451893
-0.6159211179
-0.6220595199
-0.6281600160
-0.6342222295
-0.6402457858
-0.6462303128
-0.6521754409
-0.6580808027
-0.6639460335
-0.6697707708
-0.6755546547
-0.6812973278
-0.6869984353
-0.6926576248
-0.6982745466
-0.7038488535
-0.7093802010
-0.7148682472
-0.7203126529
-0.7257130814
-0.7310691989
-0.7363806743
-0.7416471792
-0.7468683880
-0.7520439777
-0.7571736283
-0.7622570225
-0.7672938461
-0.7722837873
-0.7772265376
-0.7821217912
-0.7869692452
-0.7917685997
-0.7965195577
-0.8012218253
-0.8058751114
-0.8104791281
-0.8150335903
-0.8195382162
-0.8239927268
-0.8283968463
-0.8327503020
-0.8370528243
-0.8413041467
-0.8455040058
-0.8496521416
-0.8537482970
-0.8577922182
-0.8617836546
-0.8657223588
-0.8696080866
-0.8734405971
-0.8772196527
-0.8809450191
-0.8846164653
-0.8882337635
-0.8917966892
-0.8953050215
-0.8987585424
-0.9021570378
-0.9055002966
-0.9087881111
-0.9120202773
-0.9151965944
-0.9183168650
-0.9213808951
-0.9243884945
-0.9273394759
-0.9302336559
-0.9330708545
-0.9358508950
-0.9385736045
-0.9412388135
-0.9438463559
-0.9463960694
-0.9488877951
-0.9513213776
-0.9536966651
-0.9560135095
-0.9582717662
-0.9604712941
-0.9626119559
-0.9646936178
-0.9667161495
-0.9686794247
-0.9705833203
-0.9724277171
-0.9742124996
-0.9759375559
-0.9776027775
-0.9792080599
-0.9807533023
-0.9822384072
-0.9836632812
-0.9850278344
-0.9863319807
-0.9875756377
-0.9887587265
-0.9898811723
-0.9909429036
-0.9919438529
-0.9928839565
-0.9937631540
-0.9945813893
-0.9953386097
-0.9960347663
-0.9966698140
-0.9972437115
-0.9977564211
-0.9982079090
-0.9985981450
-0.9989271029
-0.9991947599
-0.9994010973
-0.9995461000
-0.9996297567
-0.9996520599
-0.9996130058
-0.9995125944
-0.9993508295
-0.9991277186
-0.9988432730
-0.9984975078
-0.9980904417
-0.9976220974
-0.9970925013
-0.9965016833
-0.9958496776
-0.9951365215
-0.9943622566
-0.9935269278
-0.9926305841
-0.9916732781
-0.9906550660
-0.9895760081
-0.9884361682
-0.9872356139
-0.9859744164
-0.9846526507
-0.9832703956
-0.9818277336
-0.9803247506
-0.9787615367
-0.9771381854
-0.9754547939
-0.9737114631
-0.9719082977
-0.9700454059
-0.9681228997
-0.9661408946
-0.9640995100
-0.9619988686
-0.9598390971
-0.9576203255
-0.9553426877
-0.9530063211
-0.9506113667
-0.9481579690
-0.9456462763
-0.9430764403
-0.9404486163
-0.9377629634
-0.9350196438
-0.9322188235
-0.9293606721
-0.9264453626
-0.9234730715
-0.9204439788
-0.9173582681
-0.9142161265
-0.9110177443
-0.9077633156
-0.9044530375
-0.9010871110
-0.8976657401
-0.8941891325
-0.8906574992
-0.8870710544
-0.8834300160
-0.8797346050
-0.8759850459
-0.8721815663
-0.8683243974
-0.8644137735
-0.8604499321
-0.8564331142
-0.8523635640
-0.8482415287
-0.8440672591
-0.8398410089
-0.8355630352
-0.8312335981
-0.8268529610
-0.8224213902
-0.8179391554
-0.8134065294
-0.8088237879
-0.8041912099
-0.7995090772
-0.7947776749
-0.7899972910
-0.7851682164
-0.7802907453
-0.7753651744
-0.7703918036
-0.7653709360
-0.7603028773
-0.7551879360
-0.7500264238
-0.7448186551
-0.7395649470
-0.7342656197
-0.7289209961
-0.7235314017
-0.7180971649
-0.7126186170
-0.7070960918
-0.7015299257
-0.6959204581
-0.6902680309
-0.6845729886
-0.6788356784
-0.6730564499
-0.6672356556
-0.6613736502
-0.6554707913
-0.6495274386
-0.6435439546
-0.6375207041
-0.6314580545
-0.6253563754
-0.6192160388
-0.6130374193
-0.6068208937
-0.6005668413
-0.5942756434
-0.5879476838
-0.5815833485
-0.5751830257
-0.5687471058
-0.5622759816
-0.5557700476
-0.5492297009
-0.5426553405
-0.5360473675
-0.5294061851
-0.5227321986
-0.5160258151
-0.5092874438
-0.5025174961
-0.4957163849
-0.4888845254
-0.4820223344
-0.4751302307
-0.4682086349
-0.4612579697
-0.4542786590
-0.4472711289
-0.4402358070
-0.4331731229
-0.4260835076
-0.4189673938
-0.4118252160
-0.4046574100
-0.3974644136
-0.3902466656
-0.3830046068
-0.3757386791
-0.3684493263
-0.3611369932
-0.3538021263
-0.3464451734
-0.3390665835
-0.3316668074
-0.3242462966
-0.3168055043
-0.3093448848
-0.3018648936
-0.2943659873
-0.2868486240
-0.2793132625
-0.2717603629
-0.2641903865
-0.2566037954
-0.2490010529
-0.2413826233
-0.2337489717
-0.2261005643
-0.2184378680
-0.2107613509
-0.2030714817
-0.1953687300
-0.1876535662
-0.1799264613
-0.1721878874
-0.1644383169
-0.1566782231
-0.1489080799
-0.1411283619
-0.1333395440
-0.1255421021
-0.1177365122
-0.1099232511
-0.1021027959
-0.0942756242
-0.0864422140
-0.0786030438
-0.0707585923
-0.0629093385
-0.0550557618
-0.0471983419
-0.0393375587
-0.0314738921
-0.0236078225
-0.0157398302
-0.0078703959
