-0.0124148140
-0.0248296283
-0.0372424823
-0.0496514160
-0.0620544697
-0.0744496849
-0.0868351040
-0.0992087713
-0.1115687327
-0.1239130364
-0.1362397328
-0.1485468754
-0.1608325205
-0.1730947278
-0.1853315609
-0.1975410870
-0.2097213779
-0.2218705099
-0.2339865640
-0.2460676266
-0.2581117896
-0.2701171505
-0.2820818129
-0.2940038869
-0.3058814892
-0.3177127435
-0.3294957809
-0.3412287397
-0.3529097662
-0.3645370151
-0.3761086491
-0.3876228398
-0.3990777680
-0.4104716235
-0.4218026057
-0.4330689240
-0.4442687979
-0.4554004570
-0.4664621420
-0.4774521044
-0.4883686069
-0.4992099238
-0.5099743412
-0.5206601570
-0.5312656817
-0.5417892381
-0.5522291622
-0.5625838027
-0.5728515220
-0.5830306960
-0.5931197143
-0.6031169809
-0.6130209140
-0.6228299465
-0.6325425261
-0.6421571157
-0.6516721934
-0.6610862530
-0.6703978042
-0.6796053725
-0.6887075000
-0.6977027451
-0.7065896832
-0.7153669063
-0.7240330239
-0.7325866627
-0.7410264671
-0.7493510994
-0.7575592398
-0.7656495868
-0.7736208574
-0.7814717872
-0.7892011307
-0.7968076615
-0.8042901722
-0.8116474751
-0.8188784021
-0.8259818046
-0.8329565544
-0.8398015433
-0.8465156832
-0.8530979066
-0.8595471669
-0.8658624381
-0.8720427152
-0.8780870145
-0.8839943735
-0.8897638511
-0.8953945278
-0.9008855059
-0.9062359097
-0.9114448854
-0.9165116012
-0.9214352479
-0.9262150385
-0.9308502085
-0.9353400163
-0.9396837428
-0.9438806920
-0.9479301909
-0.9518315893
-0.9555842605
-0.9591876009
-0.9626410306
-0.9659439928
-0.9690959546
-0.9720964065
-0.9749448628
-0.9776408618
-0.9801839653
-0.9825737595
-0.9848098542
-0.9868918837
-0.9888195060
-0.9905924036
-0.9922102831
-0.9936728755
-0.9949799359
-0.9961312441
-0.9971266040
-0.9979658441
-0.9986488174
-0.9991754011
-0.9995454972
-0.9997590321
-0.9998159566
-0.9997162464
-0.9994599014
-0.9990469461
-0.9984774295
-0.9977514253
-0.9968690316
-0.9958303709
-0.9946355904
-0.9932848616
-0.9917783804
-0.9901163673
-0.9882990670
-0.9863267485
-0.9841997052
-0.9819182547
-0.9794827389
-0.9768935235
-0.9741509986
-0.9712555782
-0.9682077003
-0.9650078267
-0.9616564431
-0.9581540590
-0.9545012072
-0.9506984446
-0.9467463510
-0.9426455300
-0.9383966085
-0.9340002364
-0.9294570868
-0.9247678558
-0.9199332624
-0.9149540483
-0.9098309778
-0.9045648379
-0.8991564380
-0.8936066098
-0.8879162070
-0.8820861055
-0.8761172028
-0.8700104185
-0.8637666936
-0.8573869906
-0.8508722933
-0.8442236067
-0.8374419566
-0.8305283899
-0.8234839739
-0.8163097966
-0.8090069663
-0.8015766114
-0.7940198801
-0.7863379408
-0.7785319812
-0.7706032084
-0.7625528491
-0.7543821486
-0.7460923714
-0.7376848005
-0.7291607373
-0.7205215017
-0.7117684314
-0.7029028819
-0.6939262266
-0.6848398559
-0.6756451779
-0.6663436170
-0.6569366150
-0.6474256297
-0.6378121357
-0.6280976231
-0.6182835984
-0.6083715832
-0.5983631147
-0.5882597452
-0.5780630418
-0.5677745862
-0.5573959747
-0.5469288173
-0.5363747383
-0.5257353754
-0.5150123797
-0.5042074153
-0.4933221594
-0.4823583014
-0.4713175435
-0.4602015996
-0.4490121953
-0.4377510679
-0.4264199660
-0.4150206489
-0.4035548869
-0.3920244605
-0.3804311604
-0.3687767872
-0.3570631509
-0.3452920709
-0.3334653756
-0.3215849021
-0.3096524959
-0.2976700107
-0.2856393080
-0.2735622568
-0.2614407335
-0.2492766213
-0.2370718102
-0.2248281964
-0.2125476825
-0.2002321767
-0.1878835925
-0.1755038489
-0.1630948695
-0.1506585828
-0.1381969213
-0.1257118215
-0.1132052237
-0.1006790716
-0.0881353117
-0.0755758937
-0.0630027692
-0.0504178923
-0.0378232190
-0.0252207066
-0.0126123137
