-0.0304858390
-0.0609716786
-0.0914274299
-0.1218230331
-0.1521284866
-0.1823138760
-0.2123494030
-0.2422054144
-0.2718524307
-0.3012611743
-0.3304025985
-0.3592479149
-0.3877686216
-0.4159365310
-0.4437237966
-0.4711029400
-0.4980468780
-0.5245289482
-0.5505229351
-0.5760030953
-0.6009441825
-0.6253214721
-0.6491107849
-0.6722885102
-0.6948316294
-0.7167177376
-0.7379250656
-0.7584325008
-0.7782196077
-0.7972666479
-0.8155545986
-0.8330651716
-0.8497808307
-0.8656848089
-0.8807611242
-0.8949945954
-0.9083708566
-0.9208763715
-0.9324984460
-0.9432252404
-0.9530457815
-0.9619499729
-0.9699286044
-0.9769733613
-0.9830768324
-0.9882325173
-0.9924348323
-0.9956791160
-0.9979616340
-0.9992795824
-0.9996310903
-0.9990152218
-0.9974319768
-0.9948822913
-0.9913680360
-0.9868920149
-0.9814579624
-0.9750705398
-0.9677353306
-0.9594588354
-0.9502484653
-0.9401125350
-0.9290602544
-0.9171017202
-0.9042479055
-0.8905106498
-0.8759026472
-0.8604374341
-0.8441293763
-0.8269936550
-0.8090462520
-0.7903039344
-0.7707842384
-0.7505054522
-0.7294865984
-0.7077474156
-0.6853083390
-0.6621904814
-0.6384156118
-0.6140061352
-0.5889850702
-0.5633760273
-0.5372031858
-0.5104912704
-0.4832655271
-0.4555516996
-0.4273760031
-0.3987651001
-0.3697460738
-0.3403464025
-0.3105939327
-0.2805168521
-0.2501436625
-0.2195031523
-0.1886243683
-0.1575365879
-0.1262692907
-0.0948521298
-0.0633149036
-0.0316875265
