-0.0069320475
-0.0138640951
-0.0207958050
-0.0277268393
-0.0346568602
-0.0415855301
-0.0485125111
-0.0554374657
-0.0623600563
-0.0692799455
-0.0761967961
-0.0831102710
-0.0900200331
-0.0969257458
-0.1038270723
-0.1107236765
-0.1176152221
-0.1245013732
-0.1313817941
-0.1382561496
-0.1451241046
-0.1519853243
-0.1588394743
-0.1656862204
-0.1725252291
-0.1793561669
-0.1861787009
-0.1929924986
-0.1997972277
-0.2065925567
-0.2133781543
-0.2201536898
-0.2269188329
-0.2336732539
-0.2404166234
-0.2471486128
-0.2538688940
-0.2605771392
-0.2672730216
-0.2739562148
-0.2806263928
-0.2872832307
-0.2939264039
-0.3005555884
-0.3071704612
-0.3137706998
-0.3203559824
-0.3269259881
-0.3334803966
-0.3400188882
-0.3465411443
-0.3530468468
-0.3595356786
-0.3660073233
-0.3724614655
-0.3788977905
-0.3853159843
-0.3917157342
-0.3980967281
-0.4044586547
-0.4108012040
-0.4171240666
-0.4234269343
-0.4297094997
-0.4359714566
-0.4422124996
-0.4484323243
-0.4546306274
-0.4608071066
-0.4669614608
-0.4730933899
-0.4792025947
-0.4852887775
-0.4913516413
-0.4973908905
-0.5034062305
-0.5093973681
-0.5153640108
-0.5213058678
-0.5272226493
-0.5331140665
-0.5389798322
-0.5448196603
-0.5506332658
-0.5564203651
-0.5621806760
-0.5679139174
-0.5736198098
-0.5792980746
-0.5849484350
-0.5905706152
-0.5961643409
-0.6017293392
-0.6072653386
-0.6127720690
-0.6182492616
-0.6236966493
-0.6291139661
-0.6345009478
-0.6398573314
-0.6451828555
-0.6504772603
-0.6557402873
-0.6609716796
-0.6661711819
-0.6713385404
-0.6764735028
-0.6815758185
-0.6866452385
-0.6916815152
-0.6966844028
-0.7016536571
-0.7065890353
-0.7114902966
-0.7163572016
-0.7211895126
-0.7259869937
-0.7307494105
-0.7354765306
-0.7401681230
-0.7448239586
-0.7494438099
-0.7540274513
-0.7585746589
-0.7630852106
-0.7675588859
-0.7719954663
-0.7763947351
-0.7807564773
-0.7850804797
-0.7893665310
-0.7936144217
-0.7978239443
-0.8019948930
-0.8061270638
-0.8102202548
-0.8142742658
-0.8182888987
-0.8222639572
-0.8261992469
-0.8300945754
-0.8339497521
-0.8377645885
-0.8415388980
-0.8452724959
-0.8489651996
-0.8526168284
-0.8562272036
-0.8597961486
-0.8633234885
-0.8668090509
-0.8702526650
-0.8736541623
-0.8770133761
-0.8803301421
-0.8836042977
-0.8868356825
-0.8900241385
-0.8931695092
-0.8962716407
-0.8993303808
-0.9023455796
-0.9053170894
-0.9082447644
-0.9111284612
-0.9139680381
-0.9167633561
-0.9195142780
-0.9222206687
-0.9248823956
-0.9274993278
-0.9300713369
-0.9325982967
-0.9350800829
-0.9375165738
-0.9399076495
-0.9422531925
-0.9445530877
-0.9468072217
-0.9490154838
-0.9511777653
-0.9532939597
-0.9553639630
-0.9573876730
-0.9593649903
-0.9612958172
-0.9631800587
-0.9650176217
-0.9668084157
-0.9685523523
-0.9702493453
-0.9718993110
-0.9735021677
-0.9750578362
-0.9765662395
-0.9780273029
-0.9794409540
-0.9808071226
-0.9821257411
-0.9833967440
-0.9846200680
-0.9857956523
-0.9869234384
-0.9880033701
-0.9890353934
-0.9900194568
-0.9909555110
-0.9918435091
-0.9926834066
-0.9934751612
-0.9942187330
-0.9949140843
-0.9955611800
-0.9961599871
-0.9967104750
-0.9972126155
-0.9976663829
-0.9980717534
-0.9984287061
-0.9987372220
-0.9989972848
-0.9992088802
-0.9993719965
-0.9994866243
-0.9995527566
-0.9995703886
-0.9995395181
-0.9994601450
-0.9993322717
-0.9991559029
-0.9989310456
-0.9986577091
-0.9983359054
-0.9979656484
-0.9975469546
-0.9970798430
-0.9965643345
-0.9960004528
-0.9953882238
-0.9947276755
-0.9940188386
-0.9932617461
-0.9924564330
-0.9916029372
-0.9907012984
-0.9897515588
-0.9887537632
-0.9877079584
-0.9866141936
-0.9854725204
-0.9842829928
-0.9830456668
-0.9817606011
-0.9804278565
-0.9790474963
-0.9776195858
-0.9761441929
-0.9746213875
-0.9730512422
-0.9714338316
-0.9697692328
-0.9680575249
-0.9662987896
-0.9644931107
-0.9626405744
-0.9607412688
-0.9587952848
-0.9568027152
-0.9547636553
-0.9526782024
-0.9505464563
-0.9483685189
-0.9461444943
-0.9438744891
-0.9415586118
-0.9391969734
-0.9367896869
-0.9343368677
-0.9318386332
-0.9292951033
-0.9267063997
-0.9240726467
-0.9213939704
-0.9186704995
-0.9159023645
-0.9130896983
-0.9102326359
-0.9073313143
-0.9043858729
-0.9013964531
-0.8983631984
-0.8952862545
-0.8921657692
-0.8890018925
-0.8857947763
-0.8825445748
-0.8792514443
-0.8759155429
-0.8725370310
-0.8691160711
-0.8656528276
-0.8621474671
-0.8586001583
-0.8550110717
-0.8513803800
-0.8477082579
-0.8439948820
-0.8402404311
-0.8364450858
-0.8326090288
-0.8287324447
-0.8248155202
-0.8208584437
-0.8168614059
-0.8128245991
-0.8087482177
-0.8046324580
-0.8004775183
-0.7962835985
-0.7920509007
-0.7877796289
-0.7834699887
-0.7791221877
-0.7747364355
-0.7703129434
-0.7658519244
-0.7613535937
-0.7568181679
-0.7522458655
-0.7476369070
-0.7429915145
-0.7383099120
-0.7335923250
-0.7288389810
-0.7240501091
-0.7192259402
-0.7143667070
-0.7094726436
-0.7045439860
-0.6995809720
-0.6945838407
-0.6895528333
-0.6844881923
-0.6793901620
-0.6742589883
-0.6690949186
-0.6638982020
-0.6586690891
-0.6534078322
-0.6481146850
-0.6427899030
-0.6374337430
-0.6320464634
-0.6266283241
-0.6211795866
-0.6157005136
-0.6101913697
-0.6046524205
-0.5990839334
-0.5934861770
-0.5878594215
-0.5822039383
-0.5765200004
-0.5708078822
-0.5650678592
-0.5593002085
-0.5535052085
-0.5476831388
-0.5418342804
-0.5359589157
-0.5300573282
-0.5241298027
-0.5181766255
-0.5121980838
-0.5061944664
-0.5001660629
-0.4941131644
-0.4880360632
-0.4819350526
-0.4758104272
-0.4696624825
-0.4634915155
-0.4572978241
-0.4510817072
-0.4448434651
-0.4385833988
-0.4323018107
-0.4259990041
-0.4196752834
-0.4133309537
-0.4069663217
-0.4005816944
-0.3941773803
-0.3877536885
-0.3813109292
-0.3748494136
-0.3683694538
-0.3618713627
-0.3553554541
-0.3488220426
-0.3422714439
-0.3357039741
-0.3291199505
-0.3225196911
-0.3159035147
-0.3092717407
-0.3026246895
-0.2959626821
-0.2892860403
-0.2825950864
-0.2758901436
-0.2691715359
-0.2624395877
-0.2556946241
-0.2489369710
-0.2421669548
-0.2353849025
-0.2285911416
-0.2217860003
-0.2149698072
-0.2081428918
-0.2013055838
-0.1944582133
-0.1876011112
-0.1807346087
-0.1738590373
-0.1669747294
-0.1600820173
-0.1531812342
-0.1462727133
-0.1393567883
-0.1324337933
-0.1255040627
-0.1185679313
-0.1116257342
-0.1046778067
-0.0977244844
-0.0907661033
-0.0838029994
-0.0768355093
-0.0698639693
-0.0628887164
-0.0559100874
-0.0489284195
-0.0419440500
-0.0349573162
-0.0279685557
-0.0209781061
-0.0139863051
-0.0069934905
