-0.0154726994
-0.0309453992
-0.0464142814
-0.0618755294
-0.0773253282
-0.0927598655
-0.1081753329
-0.1235679268
-0.1389338489
-0.1542693074
-0.1695705183
-0.1848337056
-0.2000551027
-0.2152309534
-0.2303575122
-0.2454310462
-0.2604478350
-0.2754041722
-0.2902963663
-0.3051207413
-0.3198736377
-0.3345514136
-0.3491504456
-0.3636671292
-0.3780978802
-0.3924391355
-0.4066873536
-0.4208390161
-0.4348906277
-0.4488387179
-0.4626798413
-0.4764105788
-0.4900275383
-0.5035273551
-0.5169066937
-0.5301622475
-0.5432907405
-0.5562889275
-0.5691535953
-0.5818815632
-0.5944696840
-0.6069148445
-0.6192139666
-0.6313640077
-0.6433619619
-0.6552048602
-0.6668897715
-0.6784138035
-0.6897741029
-0.7009678565
-0.7119922920
-0.7228446781
-0.7335223259
-0.7440225889
-0.7543428640
-0.7644805922
-0.7744332589
-0.7841983950
-0.7937735769
-0.8031564276
-0.8123446169
-0.8213358623
-0.8301279293
-0.8387186324
-0.8471058347
-0.8552874496
-0.8632614403
-0.8710258209
-0.8785786567
-0.8859180647
-0.8930422139
-0.8999493259
-0.9066376757
-0.9131055912
-0.9193514544
-0.9253737016
-0.9311708236
-0.9367413662
-0.9420839308
-0.9471971741
-0.9520798091
-0.9567306050
-0.9611483879
-0.9653320404
-0.9692805025
-0.9729927717
-0.9764679032
-0.9797050101
-0.9827032635
-0.9854618930
-0.9879801868
-0.9902574916
-0.9922932132
-0.9940868162
-0.9956378246
-0.9969458213
-0.9980104490
-0.9988314096
-0.9994084644
-0.9997414346
-0.9998302009
-0.9996747035
-0.9992749425
-0.9986309775
-0.9977429279
-0.9966109725
-0.9952353499
-0.9936163582
-0.9917543549
-0.9896497568
-0.9873030400
-0.9847147399
-0.9818854508
-0.9788158258
-0.9755065768
-0.9719584743
-0.9681723469
-0.9641490817
-0.9598896234
-0.9553949746
-0.9506661953
-0.9457044026
-0.9405107707
-0.9350865303
-0.9294329685
-0.9235514283
-0.9174433085
-0.9111100633
-0.9045532018
-0.8977742878
-0.8907749392
-0.8835568281
-0.8761216795
-0.8684712719
-0.8606074362
-0.8525320553
-0.8442470640
-0.8357544482
-0.8270562446
-0.8181545399
-0.8090514709
-0.7997492232
-0.7902500312
-0.7805561775
-0.7706699921
-0.7605938521
-0.7503301812
-0.7398814483
-0.7292501681
-0.7184388996
-0.7074502459
-0.6962868534
-0.6849514112
-0.6734466503
-0.6617753432
-0.6499403031
-0.6379443831
-0.6257904757
-0.6134815119
-0.6010204606
-0.5884103279
-0.5756541563
-0.5627550240
-0.5497160439
-0.5365403635
-0.5232311633
-0.5097916567
-0.4962250886
-0.4825347354
-0.4687239032
-0.4547959279
-0.4407541740
-0.4266020336
-0.4123429259
-0.3979802962
-0.3835176151
-0.3689583777
-0.3543061027
-0.3395643313
-0.3247366267
-0.3098265731
-0.2948377750
-0.2797738559
-0.2646384576
-0.2494352396
-0.2341678778
-0.2188400638
-0.2034555041
-0.1880179189
-0.1725310412
-0.1569986165
-0.1414244010
-0.1258121613
-0.1101656733
-0.0944887211
-0.0787850966
-0.0630585978
-0.0473130286
-0.0315521973
-0.0157799161
