-0.0103658248
-0.0207316498
-0.0310963382
-0.0414587535
-0.0518177592
-0.0621722193
-0.0725209984
-0.0828629615
-0.0931969746
-0.1035219044
-0.1138366186
-0.1241399859
-0.1344308766
-0.1447081620
-0.1549707149
-0.1652174100
-0.1754471235
-0.1856587333
-0.1958511196
-0.2060231645
-0.2161737524
-0.2263017699
-0.2364061062
-0.2464856532
-0.2565393051
-0.2665659594
-0.2765645161
-0.2865338785
-0.2964729532
-0.3063806497
-0.3162558814
-0.3260975648
-0.3359046203
-0.3456759721
-0.3554105482
-0.3651072806
-0.3747651054
-0.3843829631
-0.3939597983
-0.4034945603
-0.4129862030
-0.4224336846
-0.4318359686
-0.4411920232
-0.4505008215
-0.4597613421
-0.4689725686
-0.4781334899
-0.4872431007
-0.4963004010
-0.5053043966
-0.5142540992
-0.5231485262
-0.5319867012
-0.5407676539
-0.5494904201
-0.5581540422
-0.5667575688
-0.5753000551
-0.5837805629
-0.5921981609
-0.6005519247
-0.6088409366
-0.6170642861
-0.6252210699
-0.6333103919
-0.6413313632
-0.6492831027
-0.6571647364
-0.6649753984
-0.6727142302
-0.6803803812
-0.6879730088
-0.6954912782
-0.7029343630
-0.7103014449
-0.7175917136
-0.7248043676
-0.7319386135
-0.7389936667
-0.7459687511
-0.7528630993
-0.7596759527
-0.7664065616
-0.7730541853
-0.7796180921
-0.7860975594
-0.7924918737
-0.7988003310
-0.8050222365
-0.8111569048
-0.8172036602
-0.8231618364
-0.8290307768
-0.8348098346
-0.8404983725
-0.8460957635
-0.8516013902
-0.8570146453
-0.8623349315
-0.8675616618
-0.8726942592
-0.8777321571
-0.8826747990
-0.8875216391
-0.8922721418
-0.8969257820
-0.9014820453
-0.9059404278
-0.9103004362
-0.9145615880
-0.9187234116
-0.9227854460
-0.9267472411
-0.9306083577
-0.9343683678
-0.9380268542
-0.9415834107
-0.9450376426
-0.9483891659
-0.9516376078
-0.9547826071
-0.9578238136
-0.9607608883
-0.9635935038
-0.9663213441
-0.9689441043
-0.9714614912
-0.9738732231
-0.9761790296
-0.9783786521
-0.9804718434
-0.9824583679
-0.9843380016
-0.9861105323
-0.9877757593
-0.9893334937
-0.9907835582
-0.9921257872
-0.9933600270
-0.9944861357
-0.9955039829
-0.9964134503
-0.9972144312
-0.9979068308
-0.9984905662
-0.9989655662
-0.9993317715
-0.9995891346
-0.9997376199
-0.9997772038
-0.9997078744
-0.9995296316
-0.9992424874
-0.9988464654
-0.9983416012
-0.9977279423
-0.9970055479
-0.9961744893
-0.9952348494
-0.9941867230
-0.9930302166
-0.9917654488
-0.9903925498
-0.9889116615
-0.9873229378
-0.9856265440
-0.9838226576
-0.9819114674
-0.9798931740
-0.9777679899
-0.9755361389
-0.9731978565
-0.9707533901
-0.9682029982
-0.9655469512
-0.9627855307
-0.9599190301
-0.9569477541
-0.9538720188
-0.9506921517
-0.9474084915
-0.9440213886
-0.9405312043
-0.9369383112
-0.9332430933
-0.9294459453
-0.9255472736
-0.9215474951
-0.9174470381
-0.9132463416
-0.9089458557
-0.9045460413
-0.9000473702
-0.8954503249
-0.8907553986
-0.8859630952
-0.8810739291
-0.8760884255
-0.8710071197
-0.8658305578
-0.8605592962
-0.8551939015
-0.8497349507
-0.8441830308
-0.8385387390
-0.8328026827
-0.8269754793
-0.8210577558
-0.8150501494
-0.8089533070
-0.8027678851
-0.7964945500
-0.7901339775
-0.7836868530
-0.7771538713
-0.7705357363
-0.7638331615
-0.7570468695
-0.7501775921
-0.7432260699
-0.7361930526
-0.7290792988
-0.7218855760
-0.7146126601
-0.7072613359
-0.6998323966
-0.6923266440
-0.6847448881
-0.6770879472
-0.6693566479
-0.6615518249
-0.6536743207
-0.6457249861
-0.6377046794
-0.6296142666
-0.6214546217
-0.6132266258
-0.6049311677
-0.5965691436
-0.5881414568
-0.5796490178
-0.5710927441
-0.5624735603
-0.5537923978
-0.5450501946
-0.5362478955
-0.5273864519
-0.5184668215
-0.5094899685
-0.5004568631
-0.4913684817
-0.4822258070
-0.4730298273
-0.4637815367
-0.4544819351
-0.4451320280
-0.4357328265
-0.4262853468
-0.4167906105
-0.4072496444
-0.3976634803
-0.3880331548
-0.3783597096
-0.3686441908
-0.3588876491
-0.3490911399
-0.3392557227
-0.3293824615
-0.3194724241
-0.3095266826
-0.2995463128
-0.2895323944
-0.2794860107
-0.2694082485
-0.2593001981
-0.2491629531
-0.2389976101
-0.2288052689
-0.2185870324
-0.2083440061
-0.1980772982
-0.1877880195
-0.1774772834
-0.1671462055
-0.1567959037
-0.1464274978
-0.1360421099
-0.1256408636
-0.1152248846
-0.1047952999
-0.0943532380
-0.0838998289
-0.0734362038
-0.0629634949
-0.0524828356
-0.0419953600
-0.0315022029
-0.0210044998
-0.0105033867
