-0.0591651357
-0.1183302725
-0.1772618164
-0.2357270591
-0.2934950613
-0.3503375287
-0.4060296777
-0.4603510883
-0.5130865401
-0.5640268289
-0.6129695601
-0.6597199166
-0.7040913977
-0.7459065265
-0.7849975233
-0.8212069421
-0.8543882674
-0.8844064704
-0.9111385213
-0.9344738557
-0.9543147940
-0.9705769121
-0.9831893617
-0.9920951388
-0.9972513001
-0.9986291260
-0.9962142292
-0.9900066097
-0.9800206545
-0.9662850832
-0.9488428389
-0.9277509254
-0.9030801909
-0.8749150593
-0.8433532101
-0.8085052075
-0.7704940814
-0.7294548602
-0.6855340595
-0.6388891250
-0.5896878365
-0.5381076706
-0.4843351280
-0.4285650257
-0.3709997582
-0.3118485298
-0.2513265606
-0.1896542707
-0.1270564436
-0.0637613736
