0.0000000000
0.0024937656
0.0049875312
0.0074812968
0.0099750623
0.0124688279
0.0149625935
0.0174563591
0.0199501247
0.0224438903
0.0249376559
0.0274314214
0.0299251870
0.0324189526
0.0349127182
0.0374064838
0.0399002494
0.0423940150
0.0448877805
0.0473815461
0.0498753117
0.0523690773
0.0548628429
0.0573566085
0.0598503741
0.0623441397
0.0648379052
0.0673316708
0.0698254364
0.0723192020
0.0748129676
0.0773067332
0.0798004988
0.0822942643
0.0847880299
0.0872817955
0.0897755611
0.0922693267
0.0947630923
0.0972568579
0.0997506234
0.1022443890
0.1047381546
0.1072319202
0.1097256858
0.1122194514
0.1147132170
0.1172069825
0.1197007481
0.1221945137
0.1246882793
0.1271820449
0.1296758105
0.1321695761
0.1346633416
0.1371571072
0.1396508728
0.1421446384
0.1446384040
0.1471321696
0.1496259352
0.1521197007
0.1546134663
0.1571072319
0.1596009975
0.1620947631
0.1645885287
0.1670822943
0.1695760599
0.1720698254
0.1745635910
0.1770573566
0.1795511222
0.1820448878
0.1845386534
0.1870324190
0.1895261845
0.1920199501
0.1945137157
0.1970074813
0.1995012469
0.2019950125
0.2044887781
0.2069825436
0.2094763092
0.2119700748
0.2144638404
0.2169576060
0.2194513716
0.2219451372
0.2244389027
0.2269326683
0.2294264339
0.2319201995
0.2344139651
0.2369077307
0.2394014963
0.2418952618
0.2443890274
0.2468827930
0.2493765586
0.2518703242
0.2543640898
0.2568578554
0.2593516209
0.2618453865
0.2643391521
0.2668329177
0.2693266833
0.2718204489
0.2743142145
0.2768079800
0.2793017456
0.2817955112
0.2842892768
0.2867830424
0.2892768080
0.2917705736
0.2942643392
0.2967581047
0.2992518703
0.3017456359
0.3042394015
0.3067331671
0.3092269327
0.3117206983
0.3142144638
0.3167082294
0.3192019950
0.3216957606
0.3241895262
0.3266832918
0.3291770574
0.3316708229
0.3341645885
0.3366583541
0.3391521197
0.3416458853
0.3441396509
0.3466334165
0.3491271820
0.3516209476
0.3541147132
0.3566084788
0.3591022444
0.3615960100
0.3640897756
0.3665835411
0.3690773067
0.3715710723
0.3740648379
0.3765586035
0.3790523691
0.3815461347
0.3840399002
0.3865336658
0.3890274314
0.3915211970
0.3940149626
0.3965087282
0.3990024938
0.4014962594
0.4039900249
0.4064837905
0.4089775561
0.4114713217
0.4139650873
0.4164588529
0.4189526185
0.4214463840
0.4239401496
0.4264339152
0.4289276808
0.4314214464
0.4339152120
0.4364089776
0.4389027431
0.4413965087
0.4438902743
0.4463840399
0.4488778055
0.4513715711
0.4538653367
0.4563591022
0.4588528678
0.4613466334
0.4638403990
0.4663341646
0.4688279302
0.4713216958
0.4738154613
0.4763092269
0.4788029925
0.4812967581
0.4837905237
0.4862842893
0.4887780549
0.4912718204
0.4937655860
0.4962593516
0.4987531172
0.5012468828
0.5037406484
0.5062344140
0.5087281796
0.5112219451
0.5137157107
0.5162094763
0.5187032419
0.5211970075
0.5236907731
0.5261845387
0.5286783042
0.5311720698
0.5336658354
0.5361596010
0.5386533666
0.5411471322
0.5436408978
0.5461346633
0.5486284289
0.5511221945
0.5536159601
0.5561097257
0.5586034913
0.5610972569
0.5635910224
0.5660847880
0.5685785536
0.5710723192
0.5735660848
0.5760598504
0.5785536160
0.5810473815
0.5835411471
0.5860349127
0.5885286783
0.5910224439
0.5935162095
0.5960099751
0.5985037406
0.6009975062
0.6034912718
0.6059850374
0.6084788030
0.6109725686
0.6134663342
0.6159600998
0.6184538653
0.6209476309
0.6234413965
0.6259351621
0.6284289277
0.6309226933
0.6334164589
0.6359102244
0.6384039900
0.6408977556
0.6433915212
0.6458852868
0.6483790524
0.6508728180
0.6533665835
0.6558603491
0.6583541147
0.6608478803
0.6633416459
0.6658354115
0.6683291771
0.6708229426
0.6733167082
0.6758104738
0.6783042394
0.6807980050
0.6832917706
0.6857855362
0.6882793017
0.6907730673
0.6932668329
0.6957605985
0.6982543641
0.7007481297
0.7032418953
0.7057356608
0.7082294264
0.7107231920
0.7132169576
0.7157107232
0.7182044888
0.7206982544
0.7231920200
0.7256857855
0.7281795511
0.7306733167
0.7331670823
0.7356608479
0.7381546135
0.7406483791
0.7431421446
0.7456359102
0.7481296758
0.7506234414
0.7531172070
0.7556109726
0.7581047382
0.7605985037
0.7630922693
0.7655860349
0.7680798005
0.7705735661
0.7730673317
0.7755610973
0.7780548628
0.7805486284
0.7830423940
0.7855361596
0.7880299252
0.7905236908
0.7930174564
0.7955112219
0.7980049875
0.8004987531
0.8029925187
0.8054862843
0.8079800499
0.8104738155
0.8129675810
0.8154613466
0.8179551122
0.8204488778
0.8229426434
0.8254364090
0.8279301746
0.8304239401
0.8329177057
0.8354114713
0.8379052369
0.8403990025
0.8428927681
0.8453865337
0.8478802993
0.8503740648
0.8528678304
0.8553615960
0.8578553616
0.8603491272
0.8628428928
0.8653366584
0.8678304239
0.8703241895
0.8728179551
0.8753117207
0.8778054863
0.8802992519
0.8827930175
0.8852867830
0.8877805486
0.8902743142
0.8927680798
0.8952618454
0.8977556110
0.9002493766
0.9027431421
0.9052369077
0.9077306733
0.9102244389
0.9127182045
0.9152119701
0.9177057357
0.9201995012
0.9226932668
0.9251870324
0.9276807980
0.9301745636
0.9326683292
0.9351620948
0.9376558603
0.9401496259
0.9426433915
0.9451371571
0.9476309227
0.9501246883
0.9526184539
0.9551122195
0.9576059850
0.9600997506
0.9625935162
0.9650872818
0.9675810474
0.9700748130
0.9725685786
0.9750623441
0.9775561097
0.9800498753
0.9825436409
0.9850374065
0.9875311721
0.9900249377
0.9925187032
0.9950124688
