0.0000000000
0.0039840637
0.0079681275
0.0119521912
0.0159362550
0.0199203187
0.0239043825
0.0278884462
0.0318725100
0.0358565737
0.0398406375
0.0438247012
0.0478087649
0.0517928287
0.0557768924
0.0597609562
0.0637450199
0.0677290837
0.0717131474
0.0756972112
0.0796812749
0.0836653386
0.0876494024
0.0916334661
0.0956175299
0.0996015936
0.1035856574
0.1075697211
0.1115537849
0.1155378486
0.1195219124
0.1235059761
0.1274900398
0.1314741036
0.1354581673
0.1394422311
0.1434262948
0.1474103586
0.1513944223
0.1553784861
0.1593625498
0.1633466135
0.1673306773
0.1713147410
0.1752988048
0.1792828685
0.1832669323
0.1872509960
0.1912350598
0.1952191235
0.1992031873
0.2031872510
0.2071713147
0.2111553785
0.2151394422
0.2191235060
0.2231075697
0.2270916335
0.2310756972
0.2350597610
0.2390438247
0.2430278884
0.2470119522
0.2509960159
0.2549800797
0.2589641434
0.2629482072
0.2669322709
0.2709163347
0.2749003984
0.2788844622
0.2828685259
0.2868525896
0.2908366534
0.2948207171
0.2988047809
0.3027888446
0.3067729084
0.3107569721
0.3147410359
0.3187250996
0.3227091633
0.3266932271
0.3306772908
0.3346613546
0.3386454183
0.3426294821
0.3466135458
0.3505976096
0.3545816733
0.3585657371
0.3625498008
0.3665338645
0.3705179283
0.3745019920
0.3784860558
0.3824701195
0.3864541833
0.3904382470
0.3944223108
0.3984063745
0.4023904382
0.4063745020
0.4103585657
0.4143426295
0.4183266932
0.4223107570
0.4262948207
0.4302788845
0.4342629482
0.4382470120
0.4422310757
0.4462151394
0.4501992032
0.4541832669
0.4581673307
0.4621513944
0.4661354582
0.4701195219
0.4741035857
0.4780876494
0.4820717131
0.4860557769
0.4900398406
0.4940239044
0.4980079681
0.5019920319
0.5059760956
0.5099601594
0.5139442231
0.5179282869
0.5219123506
0.5258964143
0.5298804781
0.5338645418
0.5378486056
0.5418326693
0.5458167331
0.5498007968
0.5537848606
0.5577689243
0.5617529880
0.5657370518
0.5697211155
0.5737051793
0.5776892430
0.5816733068
0.5856573705
0.5896414343
0.5936254980
0.5976095618
0.6015936255
0.6055776892
0.6095617530
0.6135458167
0.6175298805
0.6215139442
0.6254980080
0.6294820717
0.6334661355
0.6374501992
0.6414342629
0.6454183267
0.6494023904
0.6533864542
0.6573705179
0.6613545817
0.6653386454
0.6693227092
0.6733067729
0.6772908367
0.6812749004
0.6852589641
0.6892430279
0.6932270916
0.6972111554
0.7011952191
0.7051792829
0.7091633466
0.7131474104
0.7171314741
0.7211155378
0.7250996016
0.7290836653
0.7330677291
0.7370517928
0.7410358566
0.7450199203
0.7490039841
0.7529880478
0.7569721116
0.7609561753
0.7649402390
0.7689243028
0.7729083665
0.7768924303
0.7808764940
0.7848605578
0.7888446215
0.7928286853
0.7968127490
0.8007968127
0.8047808765
0.8087649402
0.8127490040
0.8167330677
0.8207171315
0.8247011952
0.8286852590
0.8326693227
0.8366533865
0.8406374502
0.8446215139
0.8486055777
0.8525896414
0.8565737052
0.8605577689
0.8645418327
0.8685258964
0.8725099602
0.8764940239
0.8804780876
0.8844621514
0.8884462151
0.8924302789
0.8964143426
0.9003984064
0.9043824701
0.9083665339
0.9123505976
0.9163346614
0.9203187251
0.9243027888
0.9282868526
0.9322709163
0.9362549801
0.9402390438
0.9442231076
0.9482071713
0.9521912351
0.9561752988
0.9601593625
0.9641434263
0.9681274900
0.9721115538
0.9760956175
0.9800796813
0.9840637450
0.9880478088
0.9920318725
