0.0000000000
0.0033222591
0.0066445183
0.0099667774
0.0132890365
0.0166112957
0.0199335548
0.0232558140
0.0265780731
0.0299003322
0.0332225914
0.0365448505
0.0398671096
0.0431893688
0.0465116279
0.0498338870
0.0531561462
0.0564784053
0.0598006645
0.0631229236
0.0664451827
0.0697674419
0.0730897010
0.0764119601
0.0797342193
0.0830564784
0.0863787375
0.0897009967
0.0930232558
0.0963455150
0.0996677741
0.1029900332
0.1063122924
0.1096345515
0.1129568106
0.1162790698
0.1196013289
0.1229235880
0.1262458472
0.1295681063
0.1328903654
0.1362126246
0.1395348837
0.1428571429
0.1461794020
0.1495016611
0.1528239203
0.1561461794
0.1594684385
0.1627906977
0.1661129568
0.1694352159
0.1727574751
0.1760797342
0.1794019934
0.1827242525
0.1860465116
0.1893687708
0.1926910299
0.1960132890
0.1993355482
0.2026578073
0.2059800664
0.2093023256
0.2126245847
0.2159468439
0.2192691030
0.2225913621
0.2259136213
0.2292358804
0.2325581395
0.2358803987
0.2392026578
0.2425249169
0.2458471761
0.2491694352
0.2524916944
0.2558139535
0.2591362126
0.2624584718
0.2657807309
0.2691029900
0.2724252492
0.2757475083
0.2790697674
0.2823920266
0.2857142857
0.2890365449
0.2923588040
0.2956810631
0.2990033223
0.3023255814
0.3056478405
0.3089700997
0.3122923588
0.3156146179
0.3189368771
0.3222591362
0.3255813953
0.3289036545
0.3322259136
0.3355481728
0.3388704319
0.3421926910
0.3455149502
0.3488372093
0.3521594684
0.3554817276
0.3588039867
0.3621262458
0.3654485050
0.3687707641
0.3720930233
0.3754152824
0.3787375415
0.3820598007
0.3853820598
0.3887043189
0.3920265781
0.3953488372
0.3986710963
0.4019933555
0.4053156146
0.4086378738
0.4119601329
0.4152823920
0.4186046512
0.4219269103
0.4252491694
0.4285714286
0.4318936877
0.4352159468
0.4385382060
0.4418604651
0.4451827243
0.4485049834
0.4518272425
0.4551495017
0.4584717608
0.4617940199
0.4651162791
0.4684385382
0.4717607973
0.4750830565
0.4784053156
0.4817275748
0.4850498339
0.4883720930
0.4916943522
0.4950166113
0.4983388704
0.5016611296
0.5049833887
0.5083056478
0.5116279070
0.5149501661
0.5182724252
0.5215946844
0.5249169435
0.5282392027
0.5315614618
0.5348837209
0.5382059801
0.5415282392
0.5448504983
0.5481727575
0.5514950166
0.5548172757
0.5581395349
0.5614617940
0.5647840532
0.5681063123
0.5714285714
0.5747508306
0.5780730897
0.5813953488
0.5847176080
0.5880398671
0.5913621262
0.5946843854
0.5980066445
0.6013289037
0.6046511628
0.6079734219
0.6112956811
0.6146179402
0.6179401993
0.6212624585
0.6245847176
0.6279069767
0.6312292359
0.6345514950
0.6378737542
0.6411960133
0.6445182724
0.6478405316
0.6511627907
0.6544850498
0.6578073090
0.6611295681
0.6644518272
0.6677740864
0.6710963455
0.6744186047
0.6777408638
0.6810631229
0.6843853821
0.6877076412
0.6910299003
0.6943521595
0.6976744186
0.7009966777
0.7043189369
0.7076411960
0.7109634551
0.7142857143
0.7176079734
0.7209302326
0.7242524917
0.7275747508
0.7308970100
0.7342192691
0.7375415282
0.7408637874
0.7441860465
0.7475083056
0.7508305648
0.7541528239
0.7574750831
0.7607973422
0.7641196013
0.7674418605
0.7707641196
0.7740863787
0.7774086379
0.7807308970
0.7840531561
0.7873754153
0.7906976744
0.7940199336
0.7973421927
0.8006644518
0.8039867110
0.8073089701
0.8106312292
0.8139534884
0.8172757475
0.8205980066
0.8239202658
0.8272425249
0.8305647841
0.8338870432
0.8372093023
0.8405315615
0.8438538206
0.8471760797
0.8504983389
0.8538205980
0.8571428571
0.8604651163
0.8637873754
0.8671096346
0.8704318937
0.8737541528
0.8770764120
0.8803986711
0.8837209302
0.8870431894
0.8903654485
0.8936877076
0.8970099668
0.9003322259
0.9036544850
0.9069767442
0.9102990033
0.9136212625
0.9169435216
0.9202657807
0.9235880399
0.9269102990
0.9302325581
0.9335548173
0.9368770764
0.9401993355
0.9435215947
0.9468438538
0.9501661130
0.9534883721
0.9568106312
0.9601328904
0.9634551495
0.9667774086
0.9700996678
0.9734219269
0.9767441860
0.9800664452
0.9833887043
0.9867109635
0.9900332226
0.9933554817
