0.0000000000
0.0066225166
0.0132450331
0.0198675497
0.0264900662
0.0331125828
0.0397350993
0.0463576159
0.0529801325
0.0596026490
0.0662251656
0.0728476821
0.0794701987
0.0860927152
0.0927152318
0.0993377483
0.1059602649
0.1125827815
0.1192052980
0.1258278146
0.1324503311
0.1390728477
0.1456953642
0.1523178808
0.1589403974
0.1655629139
0.1721854305
0.1788079470
0.1854304636
0.1920529801
0.1986754967
0.2052980132
0.2119205298
0.2185430464
0.2251655629
0.2317880795
0.2384105960
0.2450331126
0.2516556291
0.2582781457
0.2649006623
0.2715231788
0.2781456954
0.2847682119
0.2913907285
0.2980132450
0.3046357616
0.3112582781
0.3178807947
0.3245033113
0.3311258278
0.3377483444
0.3443708609
0.3509933775
0.3576158940
0.3642384106
0.3708609272
0.3774834437
0.3841059603
0.3907284768
0.3973509934
0.4039735099
0.4105960265
0.4172185430
0.4238410596
0.4304635762
0.4370860927
0.4437086093
0.4503311258
0.4569536424
0.4635761589
0.4701986755
0.4768211921
0.4834437086
0.4900662252
0.4966887417
0.5033112583
0.5099337748
0.5165562914
0.5231788079
0.5298013245
0.5364238411
0.5430463576
0.5496688742
0.5562913907
0.5629139073
0.5695364238
0.5761589404
0.5827814570
0.5894039735
0.5960264901
0.6026490066
0.6092715232
0.6158940397
0.6225165563
0.6291390728
0.6357615894
0.6423841060
0.6490066225
0.6556291391
0.6622516556
0.6688741722
0.6754966887
0.6821192053
0.6887417219
0.6953642384
0.7019867550
0.7086092715
0.7152317881
0.7218543046
0.7284768212
0.7350993377
0.7417218543
0.7483443709
0.7549668874
0.7615894040
0.7682119205
0.7748344371
0.7814569536
0.7880794702
0.7947019868
0.8013245033
0.8079470199
0.8145695364
0.8211920530
0.8278145695
0.8344370861
0.8410596026
0.8476821192
0.8543046358
0.8609271523
0.8675496689
0.8741721854
0.8807947020
0.8874172185
0.8940397351
0.9006622517
0.9072847682
0.9139072848
0.9205298013
0.9271523179
0.9337748344
0.9403973510
0.9470198675
0.9536423841
0.9602649007
0.9668874172
0.9735099338
0.9801324503
0.9867549669
