0.0000000000
0.0049751244
0.0099502488
0.0149253731
0.0199004975
0.0248756219
0.0298507463
0.0348258706
0.0398009950
0.0447761194
0.0497512438
0.0547263682
0.0597014925
0.0646766169
0.0696517413
0.0746268657
0.0796019900
0.0845771144
0.0895522388
0.0945273632
0.0995024876
0.1044776119
0.1094527363
0.1144278607
0.1194029851
0.1243781095
0.1293532338
0.1343283582
0.1393034826
0.1442786070
0.1492537313
0.1542288557
0.1592039801
0.1641791045
0.1691542289
0.1741293532
0.1791044776
0.1840796020
0.1890547264
0.1940298507
0.1990049751
0.2039800995
0.2089552239
0.2139303483
0.2189054726
0.2238805970
0.2288557214
0.2338308458
0.2388059701
0.2437810945
0.2487562189
0.2537313433
0.2587064677
0.2636815920
0.2686567164
0.2736318408
0.2786069652
0.2835820896
0.2885572139
0.2935323383
0.2985074627
0.3034825871
0.3084577114
0.3134328358
0.3184079602
0.3233830846
0.3283582090
0.3333333333
0.3383084577
0.3432835821
0.3482587065
0.3532338308
0.3582089552
0.3631840796
0.3681592040
0.3731343284
0.3781094527
0.3830845771
0.3880597015
0.3930348259
0.3980099502
0.4029850746
0.4079601990
0.4129353234
0.4179104478
0.4228855721
0.4278606965
0.4328358209
0.4378109453
0.4427860697
0.4477611940
0.4527363184
0.4577114428
0.4626865672
0.4676616915
0.4726368159
0.4776119403
0.4825870647
0.4875621891
0.4925373134
0.4975124378
0.5024875622
0.5074626866
0.5124378109
0.5174129353
0.5223880597
0.5273631841
0.5323383085
0.5373134328
0.5422885572
0.5472636816
0.5522388060
0.5572139303
0.5621890547
0.5671641791
0.5721393035
0.5771144279
0.5820895522
0.5870646766
0.5920398010
0.5970149254
0.6019900498
0.6069651741
0.6119402985
0.6169154229
0.6218905473
0.6268656716
0.6318407960
0.6368159204
0.6417910448
0.6467661692
0.6517412935
0.6567164179
0.6616915423
0.6666666667
0.6716417910
0.6766169154
0.6815920398
0.6865671642
0.6915422886
0.6965174129
0.7014925373
0.7064676617
0.7114427861
0.7164179104
0.7213930348
0.7263681592
0.7313432836
0.7363184080
0.7412935323
0.7462686567
0.7512437811
0.7562189055
0.7611940299
0.7661691542
0.7711442786
0.7761194030
0.7810945274
0.7860696517
0.7910447761
0.7960199005
0.8009950249
0.8059701493
0.8109452736
0.8159203980
0.8208955224
0.8258706468
0.8308457711
0.8358208955
0.8407960199
0.8457711443
0.8507462687
0.8557213930
0.8606965174
0.8656716418
0.8706467662
0.8756218905
0.8805970149
0.8855721393
0.8905472637
0.8955223881
0.9004975124
0.9054726368
0.9104477612
0.9154228856
0.9203980100
0.9253731343
0.9303482587
0.9353233831
0.9402985075
0.9452736318
0.9502487562
0.9552238806
0.9601990050
0.9651741294
0.9701492537
0.9751243781
0.9800995025
0.9850746269
0.9900497512
