0.0000000000
0.0028490028
0.0056980057
0.0085470085
0.0113960114
0.0142450142
0.0170940171
0.0199430199
0.0227920228
0.0256410256
0.0284900285
0.0313390313
0.0341880342
0.0370370370
0.0398860399
0.0427350427
0.0455840456
0.0484330484
0.0512820513
0.0541310541
0.0569800570
0.0598290598
0.0626780627
0.0655270655
0.0683760684
0.0712250712
0.0740740741
0.0769230769
0.0797720798
0.0826210826
0.0854700855
0.0883190883
0.0911680912
0.0940170940
0.0968660969
0.0997150997
0.1025641026
0.1054131054
0.1082621083
0.1111111111
0.1139601140
0.1168091168
0.1196581197
0.1225071225
0.1253561254
0.1282051282
0.1310541311
0.1339031339
0.1367521368
0.1396011396
0.1424501425
0.1452991453
0.1481481481
0.1509971510
0.1538461538
0.1566951567
0.1595441595
0.1623931624
0.1652421652
0.1680911681
0.1709401709
0.1737891738
0.1766381766
0.1794871795
0.1823361823
0.1851851852
0.1880341880
0.1908831909
0.1937321937
0.1965811966
0.1994301994
0.2022792023
0.2051282051
0.2079772080
0.2108262108
0.2136752137
0.2165242165
0.2193732194
0.2222222222
0.2250712251
0.2279202279
0.2307692308
0.2336182336
0.2364672365
0.2393162393
0.2421652422
0.2450142450
0.2478632479
0.2507122507
0.2535612536
0.2564102564
0.2592592593
0.2621082621
0.2649572650
0.2678062678
0.2706552707
0.2735042735
0.2763532764
0.2792022792
0.2820512821
0.2849002849
0.2877492877
0.2905982906
0.2934472934
0.2962962963
0.2991452991
0.3019943020
0.3048433048
0.3076923077
0.3105413105
0.3133903134
0.3162393162
0.3190883191
0.3219373219
0.3247863248
0.3276353276
0.3304843305
0.3333333333
0.3361823362
0.3390313390
0.3418803419
0.3447293447
0.3475783476
0.3504273504
0.3532763533
0.3561253561
0.3589743590
0.3618233618
0.3646723647
0.3675213675
0.3703703704
0.3732193732
0.3760683761
0.3789173789
0.3817663818
0.3846153846
0.3874643875
0.3903133903
0.3931623932
0.3960113960
0.3988603989
0.4017094017
0.4045584046
0.4074074074
0.4102564103
0.4131054131
0.4159544160
0.4188034188
0.4216524217
0.4245014245
0.4273504274
0.4301994302
0.4330484330
0.4358974359
0.4387464387
0.4415954416
0.4444444444
0.4472934473
0.4501424501
0.4529914530
0.4558404558
0.4586894587
0.4615384615
0.4643874644
0.4672364672
0.4700854701
0.4729344729
0.4757834758
0.4786324786
0.4814814815
0.4843304843
0.4871794872
0.4900284900
0.4928774929
0.4957264957
0.4985754986
0.5014245014
0.5042735043
0.5071225071
0.5099715100
0.5128205128
0.5156695157
0.5185185185
0.5213675214
0.5242165242
0.5270655271
0.5299145299
0.5327635328
0.5356125356
0.5384615385
0.5413105413
0.5441595442
0.5470085470
0.5498575499
0.5527065527
0.5555555556
0.5584045584
0.5612535613
0.5641025641
0.5669515670
0.5698005698
0.5726495726
0.5754985755
0.5783475783
0.5811965812
0.5840455840
0.5868945869
0.5897435897
0.5925925926
0.5954415954
0.5982905983
0.6011396011
0.6039886040
0.6068376068
0.6096866097
0.6125356125
0.6153846154
0.6182336182
0.6210826211
0.6239316239
0.6267806268
0.6296296296
0.6324786325
0.6353276353
0.6381766382
0.6410256410
0.6438746439
0.6467236467
0.6495726496
0.6524216524
0.6552706553
0.6581196581
0.6609686610
0.6638176638
0.6666666667
0.6695156695
0.6723646724
0.6752136752
0.6780626781
0.6809116809
0.6837606838
0.6866096866
0.6894586895
0.6923076923
0.6951566952
0.6980056980
0.7008547009
0.7037037037
0.7065527066
0.7094017094
0.7122507123
0.7150997151
0.7179487179
0.7207977208
0.7236467236
0.7264957265
0.7293447293
0.7321937322
0.7350427350
0.7378917379
0.7407407407
0.7435897436
0.7464387464
0.7492877493
0.7521367521
0.7549857550
0.7578347578
0.7606837607
0.7635327635
0.7663817664
0.7692307692
0.7720797721
0.7749287749
0.7777777778
0.7806267806
0.7834757835
0.7863247863
0.7891737892
0.7920227920
0.7948717949
0.7977207977
0.8005698006
0.8034188034
0.8062678063
0.8091168091
0.8119658120
0.8148148148
0.8176638177
0.8205128205
0.8233618234
0.8262108262
0.8290598291
0.8319088319
0.8347578348
0.8376068376
0.8404558405
0.8433048433
0.8461538462
0.8490028490
0.8518518519
0.8547008547
0.8575498575
0.8603988604
0.8632478632
0.8660968661
0.8689458689
0.8717948718
0.8746438746
0.8774928775
0.8803418803
0.8831908832
0.8860398860
0.8888888889
0.8917378917
0.8945868946
0.8974358974
0.9002849003
0.9031339031
0.9059829060
0.9088319088
0.9116809117
0.9145299145
0.9173789174
0.9202279202
0.9230769231
0.9259259259
0.9287749288
0.9316239316
0.9344729345
0.9373219373
0.9401709402
0.9430199430
0.9458689459
0.9487179487
0.9515669516
0.9544159544
0.9572649573
0.9601139601
0.9629629630
0.9658119658
0.9686609687
0.9715099715
0.9743589744
0.9772079772
0.9800569801
0.9829059829
0.9857549858
0.9886039886
0.9914529915
0.9943019943
