0.0000000000
0.0022172949
0.0044345898
0.0066518847
0.0088691796
0.0110864745
0.0133037694
0.0155210643
0.0177383592
0.0199556541
0.0221729490
0.0243902439
0.0266075388
0.0288248337
0.0310421286
0.0332594235
0.0354767184
0.0376940133
0.0399113082
0.0421286031
0.0443458980
0.0465631929
0.0487804878
0.0509977827
0.0532150776
0.0554323725
0.0576496674
0.0598669623
0.0620842572
0.0643015521
0.0665188470
0.0687361419
0.0709534368
0.0731707317
0.0753880266
0.0776053215
0.0798226164
0.0820399113
0.0842572062
0.0864745011
0.0886917960
0.0909090909
0.0931263858
0.0953436807
0.0975609756
0.0997782705
0.1019955654
0.1042128603
0.1064301552
0.1086474501
0.1108647450
0.1130820399
0.1152993348
0.1175166297
0.1197339246
0.1219512195
0.1241685144
0.1263858093
0.1286031042
0.1308203991
0.1330376940
0.1352549889
0.1374722838
0.1396895787
0.1419068736
0.1441241685
0.1463414634
0.1485587583
0.1507760532
0.1529933481
0.1552106430
0.1574279379
0.1596452328
0.1618625277
0.1640798226
0.1662971175
0.1685144124
0.1707317073
0.1729490022
0.1751662971
0.1773835920
0.1796008869
0.1818181818
0.1840354767
0.1862527716
0.1884700665
0.1906873614
0.1929046563
0.1951219512
0.1973392461
0.1995565410
0.2017738359
0.2039911308
0.2062084257
0.2084257206
0.2106430155
0.2128603104
0.2150776053
0.2172949002
0.2195121951
0.2217294900
0.2239467849
0.2261640798
0.2283813747
0.2305986696
0.2328159645
0.2350332594
0.2372505543
0.2394678492
0.2416851441
0.2439024390
0.2461197339
0.2483370288
0.2505543237
0.2527716186
0.2549889135
0.2572062084
0.2594235033
0.2616407982
0.2638580931
0.2660753880
0.2682926829
0.2705099778
0.2727272727
0.2749445676
0.2771618625
0.2793791574
0.2815964523
0.2838137472
0.2860310421
0.2882483370
0.2904656319
0.2926829268
0.2949002217
0.2971175166
0.2993348115
0.3015521064
0.3037694013
0.3059866962
0.3082039911
0.3104212860
0.3126385809
0.3148558758
0.3170731707
0.3192904656
0.3215077605
0.3237250554
0.3259423503
0.3281596452
0.3303769401
0.3325942350
0.3348115299
0.3370288248
0.3392461197
0.3414634146
0.3436807095
0.3458980044
0.3481152993
0.3503325942
0.3525498891
0.3547671840
0.3569844789
0.3592017738
0.3614190687
0.3636363636
0.3658536585
0.3680709534
0.3702882483
0.3725055432
0.3747228381
0.3769401330
0.3791574279
0.3813747228
0.3835920177
0.3858093126
0.3880266075
0.3902439024
0.3924611973
0.3946784922
0.3968957871
0.3991130820
0.4013303769
0.4035476718
0.4057649667
0.4079822616
0.4101995565
0.4124168514
0.4146341463
0.4168514412
0.4190687361
0.4212860310
0.4235033259
0.4257206208
0.4279379157
0.4301552106
0.4323725055
0.4345898004
0.4368070953
0.4390243902
0.4412416851
0.4434589800
0.4456762749
0.4478935698
0.4501108647
0.4523281596
0.4545454545
0.4567627494
0.4589800443
0.4611973392
0.4634146341
0.4656319290
0.4678492239
0.4700665188
0.4722838137
0.4745011086
0.4767184035
0.4789356984
0.4811529933
0.4833702882
0.4855875831
0.4878048780
0.4900221729
0.4922394678
0.4944567627
0.4966740576
0.4988913525
0.5011086475
0.5033259424
0.5055432373
0.5077605322
0.5099778271
0.5121951220
0.5144124169
0.5166297118
0.5188470067
0.5210643016
0.5232815965
0.5254988914
0.5277161863
0.5299334812
0.5321507761
0.5343680710
0.5365853659
0.5388026608
0.5410199557
0.5432372506
0.5454545455
0.5476718404
0.5498891353
0.5521064302
0.5543237251
0.5565410200
0.5587583149
0.5609756098
0.5631929047
0.5654101996
0.5676274945
0.5698447894
0.5720620843
0.5742793792
0.5764966741
0.5787139690
0.5809312639
0.5831485588
0.5853658537
0.5875831486
0.5898004435
0.5920177384
0.5942350333
0.5964523282
0.5986696231
0.6008869180
0.6031042129
0.6053215078
0.6075388027
0.6097560976
0.6119733925
0.6141906874
0.6164079823
0.6186252772
0.6208425721
0.6230598670
0.6252771619
0.6274944568
0.6297117517
0.6319290466
0.6341463415
0.6363636364
0.6385809313
0.6407982262
0.6430155211
0.6452328160
0.6474501109
0.6496674058
0.6518847007
0.6541019956
0.6563192905
0.6585365854
0.6607538803
0.6629711752
0.6651884701
0.6674057650
0.6696230599
0.6718403548
0.6740576497
0.6762749446
0.6784922395
0.6807095344
0.6829268293
0.6851441242
0.6873614191
0.6895787140
0.6917960089
0.6940133038
0.6962305987
0.6984478936
0.7006651885
0.7028824834
0.7050997783
0.7073170732
0.7095343681
0.7117516630
0.7139689579
0.7161862528
0.7184035477
0.7206208426
0.7228381375
0.7250554324
0.7272727273
0.7294900222
0.7317073171
0.7339246120
0.7361419069
0.7383592018
0.7405764967
0.7427937916
0.7450110865
0.7472283814
0.7494456763
0.7516629712
0.7538802661
0.7560975610
0.7583148559
0.7605321508
0.7627494457
0.7649667406
0.7671840355
0.7694013304
0.7716186253
0.7738359202
0.7760532151
0.7782705100
0.7804878049
0.7827050998
0.7849223947
0.7871396896
0.7893569845
0.7915742794
0.7937915743
0.7960088692
0.7982261641
0.8004434590
0.8026607539
0.8048780488
0.8070953437
0.8093126386
0.8115299335
0.8137472284
0.8159645233
0.8181818182
0.8203991131
0.8226164080
0.8248337029
0.8270509978
0.8292682927
0.8314855876
0.8337028825
0.8359201774
0.8381374723
0.8403547672
0.8425720621
0.8447893570
0.8470066519
0.8492239468
0.8514412417
0.8536585366
0.8558758315
0.8580931264
0.8603104213
0.8625277162
0.8647450111
0.8669623060
0.8691796009
0.8713968958
0.8736141907
0.8758314856
0.8780487805
0.8802660754
0.8824833703
0.8847006652
0.8869179601
0.8891352550
0.8913525499
0.8935698448
0.8957871397
0.8980044346
0.9002217295
0.9024390244
0.9046563193
0.9068736142
0.9090909091
0.9113082040
0.9135254989
0.9157427938
0.9179600887
0.9201773836
0.9223946785
0.9246119734
0.9268292683
0.9290465632
0.9312638581
0.9334811530
0.9356984479
0.9379157428
0.9401330377
0.9423503326
0.9445676275
0.9467849224
0.9490022173
0.9512195122
0.9534368071
0.9556541020
0.9578713969
0.9600886918
0.9623059867
0.9645232816
0.9667405765
0.9689578714
0.9711751663
0.9733924612
0.9756097561
0.9778270510
0.9800443459
0.9822616408
0.9844789357
0.9866962306
0.9889135255
0.9911308204
0.9933481153
0.9955654102
