0.0000000000
0.0019960080
0.0039920160
0.0059880240
0.0079840319
0.0099800399
0.0119760479
0.0139720559
0.0159680639
0.0179640719
0.0199600798
0.0219560878
0.0239520958
0.0259481038
0.0279441118
0.0299401198
0.0319361277
0.0339321357
0.0359281437
0.0379241517
0.0399201597
0.0419161677
0.0439121756
0.0459081836
0.0479041916
0.0499001996
0.0518962076
0.0538922156
0.0558882236
0.0578842315
0.0598802395
0.0618762475
0.0638722555
0.0658682635
0.0678642715
0.0698602794
0.0718562874
0.0738522954
0.0758483034
0.0778443114
0.0798403194
0.0818363273
0.0838323353
0.0858283433
0.0878243513
0.0898203593
0.0918163673
0.0938123752
0.0958083832
0.0978043912
0.0998003992
0.1017964072
0.1037924152
0.1057884232
0.1077844311
0.1097804391
0.1117764471
0.1137724551
0.1157684631
0.1177644711
0.1197604790
0.1217564870
0.1237524950
0.1257485030
0.1277445110
0.1297405190
0.1317365269
0.1337325349
0.1357285429
0.1377245509
0.1397205589
0.1417165669
0.1437125749
0.1457085828
0.1477045908
0.1497005988
0.1516966068
0.1536926148
0.1556886228
0.1576846307
0.1596806387
0.1616766467
0.1636726547
0.1656686627
0.1676646707
0.1696606786
0.1716566866
0.1736526946
0.1756487026
0.1776447106
0.1796407186
0.1816367265
0.1836327345
0.1856287425
0.1876247505
0.1896207585
0.1916167665
0.1936127745
0.1956087824
0.1976047904
0.1996007984
0.2015968064
0.2035928144
0.2055888224
0.2075848303
0.2095808383
0.2115768463
0.2135728543
0.2155688623
0.2175648703
0.2195608782
0.2215568862
0.2235528942
0.2255489022
0.2275449102
0.2295409182
0.2315369261
0.2335329341
0.2355289421
0.2375249501
0.2395209581
0.2415169661
0.2435129741
0.2455089820
0.2475049900
0.2495009980
0.2514970060
0.2534930140
0.2554890220
0.2574850299
0.2594810379
0.2614770459
0.2634730539
0.2654690619
0.2674650699
0.2694610778
0.2714570858
0.2734530938
0.2754491018
0.2774451098
0.2794411178
0.2814371257
0.2834331337
0.2854291417
0.2874251497
0.2894211577
0.2914171657
0.2934131737
0.2954091816
0.2974051896
0.2994011976
0.3013972056
0.3033932136
0.3053892216
0.3073852295
0.3093812375
0.3113772455
0.3133732535
0.3153692615
0.3173652695
0.3193612774
0.3213572854
0.3233532934
0.3253493014
0.3273453094
0.3293413174
0.3313373253
0.3333333333
0.3353293413
0.3373253493
0.3393213573
0.3413173653
0.3433133733
0.3453093812
0.3473053892
0.3493013972
0.3512974052
0.3532934132
0.3552894212
0.3572854291
0.3592814371
0.3612774451
0.3632734531
0.3652694611
0.3672654691
0.3692614770
0.3712574850
0.3732534930
0.3752495010
0.3772455090
0.3792415170
0.3812375250
0.3832335329
0.3852295409
0.3872255489
0.3892215569
0.3912175649
0.3932135729
0.3952095808
0.3972055888
0.3992015968
0.4011976048
0.4031936128
0.4051896208
0.4071856287
0.4091816367
0.4111776447
0.4131736527
0.4151696607
0.4171656687
0.4191616766
0.4211576846
0.4231536926
0.4251497006
0.4271457086
0.4291417166
0.4311377246
0.4331337325
0.4351297405
0.4371257485
0.4391217565
0.4411177645
0.4431137725
0.4451097804
0.4471057884
0.4491017964
0.4510978044
0.4530938124
0.4550898204
0.4570858283
0.4590818363
0.4610778443
0.4630738523
0.4650698603
0.4670658683
0.4690618762
0.4710578842
0.4730538922
0.4750499002
0.4770459082
0.4790419162
0.4810379242
0.4830339321
0.4850299401
0.4870259481
0.4890219561
0.4910179641
0.4930139721
0.4950099800
0.4970059880
0.4990019960
0.5009980040
0.5029940120
0.5049900200
0.5069860279
0.5089820359
0.5109780439
0.5129740519
0.5149700599
0.5169660679
0.5189620758
0.5209580838
0.5229540918
0.5249500998
0.5269461078
0.5289421158
0.5309381238
0.5329341317
0.5349301397
0.5369261477
0.5389221557
0.5409181637
0.5429141717
0.5449101796
0.5469061876
0.5489021956
0.5508982036
0.5528942116
0.5548902196
0.5568862275
0.5588822355
0.5608782435
0.5628742515
0.5648702595
0.5668662675
0.5688622754
0.5708582834
0.5728542914
0.5748502994
0.5768463074
0.5788423154
0.5808383234
0.5828343313
0.5848303393
0.5868263473
0.5888223553
0.5908183633
0.5928143713
0.5948103792
0.5968063872
0.5988023952
0.6007984032
0.6027944112
0.6047904192
0.6067864271
0.6087824351
0.6107784431
0.6127744511
0.6147704591
0.6167664671
0.6187624750
0.6207584830
0.6227544910
0.6247504990
0.6267465070
0.6287425150
0.6307385230
0.6327345309
0.6347305389
0.6367265469
0.6387225549
0.6407185629
0.6427145709
0.6447105788
0.6467065868
0.6487025948
0.6506986028
0.6526946108
0.6546906188
0.6566866267
0.6586826347
0.6606786427
0.6626746507
0.6646706587
0.6666666667
0.6686626747
0.6706586826
0.6726546906
0.6746506986
0.6766467066
0.6786427146
0.6806387226
0.6826347305
0.6846307385
0.6866267465
0.6886227545
0.6906187625
0.6926147705
0.6946107784
0.6966067864
0.6986027944
0.7005988024
0.7025948104
0.7045908184
0.7065868263
0.7085828343
0.7105788423
0.7125748503
0.7145708583
0.7165668663
0.7185628743
0.7205588822
0.7225548902
0.7245508982
0.7265469062
0.7285429142
0.7305389222
0.7325349301
0.7345309381
0.7365269461
0.7385229541
0.7405189621
0.7425149701
0.7445109780
0.7465069860
0.7485029940
0.7504990020
0.7524950100
0.7544910180
0.7564870259
0.7584830339
0.7604790419
0.7624750499
0.7644710579
0.7664670659
0.7684630739
0.7704590818
0.7724550898
0.7744510978
0.7764471058
0.7784431138
0.7804391218
0.7824351297
0.7844311377
0.7864271457
0.7884231537
0.7904191617
0.7924151697
0.7944111776
0.7964071856
0.7984031936
0.8003992016
0.8023952096
0.8043912176
0.8063872255
0.8083832335
0.8103792415
0.8123752495
0.8143712575
0.8163672655
0.8183632735
0.8203592814
0.8223552894
0.8243512974
0.8263473054
0.8283433134
0.8303393214
0.8323353293
0.8343313373
0.8363273453
0.8383233533
0.8403193613
0.8423153693
0.8443113772
0.8463073852
0.8483033932
0.8502994012
0.8522954092
0.8542914172
0.8562874251
0.8582834331
0.8602794411
0.8622754491
0.8642714571
0.8662674651
0.8682634731
0.8702594810
0.8722554890
0.8742514970
0.8762475050
0.8782435130
0.8802395210
0.8822355289
0.8842315369
0.8862275449
0.8882235529
0.8902195609
0.8922155689
0.8942115768
0.8962075848
0.8982035928
0.9001996008
0.9021956088
0.9041916168
0.9061876248
0.9081836327
0.9101796407
0.9121756487
0.9141716567
0.9161676647
0.9181636727
0.9201596806
0.9221556886
0.9241516966
0.9261477046
0.9281437126
0.9301397206
0.9321357285
0.9341317365
0.9361277445
0.9381237525
0.9401197605
0.9421157685
0.9441117764
0.9461077844
0.9481037924
0.9500998004
0.9520958084
0.9540918164
0.9560878244
0.9580838323
0.9600798403
0.9620758483
0.9640718563
0.9660678643
0.9680638723
0.9700598802
0.9720558882
0.9740518962
0.9760479042
0.9780439122
0.9800399202
0.9820359281
0.9840319361
0.9860279441
0.9880239521
0.9900199601
0.9920159681
0.9940119760
0.9960079840
